release_date,revenue,budget,profit_loss,year
2016-02-09,783100000,58000000,725100000,2016
1994-06-23,677387716,55000000,622387716,1994
2013-12-25,392000000,100000000,292000000,2013
2015-06-09,857611174,175000000,682611174,2015
2009-05-28,735099082,175000000,560099082,2009
1985-07-03,381109762,19000000,362109762,1985
2017-10-27,800526015,175000000,625526015,2017
2001-11-01,579707738,115000000,464707738,2001
1995-10-30,394400000,30000000,364400000,1995
1998-06-04,264118201,60000000,204118201,1998
2019-05-30,257591776,11363000,246228776,2019
2018-05-10,785896609,110000000,675896609,2018
2011-11-02,426588510,13000000,413588510,2011
2009-06-02,469310836,35000000,434310836,2009
2001-05-18,487853320,60000000,427853320,2001
2007-06-28,623726000,150000000,473726000,2007
2014-12-13,414351546,81000000,333351546,2014
2016-11-29,447407695,30000000,417407695,2016
2016-02-11,1023784195,150000000,873784195,2016
2014-10-24,657827828,165000000,492827828,2014
2010-07-08,533679475,69000000,464679475,2010
2005-07-13,474968763,150000000,324968763,2005
2014-02-26,174600318,30000000,144600318,2014
2010-06-16,1066969703,200000000,866969703,2010
2006-06-08,461983149,120000000,341983149,2006
1999-10-30,497366869,90000000,407366869,1999
1997-07-02,589390539,90000000,499390539,1997
2017-12-09,995339117,90000000,905339117,2017
2012-06-21,538983207,185000000,353983207,2012
2002-03-10,383257136,59000000,324257136,2002
2019-07-24,374251247,95000000,279251247,2019
1997-12-20,230098753,20000000,210098753,1997
2014-10-17,103215094,18000000,85215094,2014
1989-11-22,332000000,40000000,292000000,1989
2012-11-01,471222889,165000000,306222889,2012
2012-06-29,549368315,50000000,499368315,2012
2016-10-13,690860472,150000000,540860472,2016
2009-10-07,102391540,23600000,78791540,2009
2016-06-16,1028570889,200000000,828570889,2016
2012-11-16,236412453,21000000,215412453,2012
2004-05-19,928760770,150000000,778760770,2004
2019-11-27,312897920,40000000,272897920,2019
2006-06-29,326706115,35000000,291706115,2006
2001-04-25,173921954,10000000,163921954,2001
2018-11-16,319700000,23000000,296700000,2018
2013-06-26,970761885,76000000,894761885,2013
2008-06-04,631744560,130000000,501744560,2008
1998-03-06,47010480,15000000,32010480,1998
1990-11-16,476684675,18000000,458684675,1990
2005-05-25,542063846,75000000,467063846,2005
2003-05-23,484592874,80000000,404592874,2003
2015-06-17,1156730962,74000000,1082730962,2015
2011-05-25,586764305,80000000,506764305,2011
1990-05-25,244527583,40000000,204527583,1990
2012-05-23,624026776,225000000,399026776,2012
2012-03-14,201585328,42000000,159585328,2012
2005-06-07,487287646,110000000,377287646,2005
2017-09-20,410902662,104000000,306902662,2017
2006-12-20,574480841,110000000,464480841,2006
2020-12-25,136384442,150000000,-13615558,2020
1994-07-29,351583407,23000000,328583407,1994
2009-07-17,60781545,7500000,53281545,2009
2002-07-03,445135288,140000000,305135288,2002
2019-06-19,1073394593,175000000,898394593,2019
2006-03-29,660998756,80000000,580998756,2006
2019-11-20,1450026933,150000000,1300026933,2019
2014-06-05,621537519,145000000,476537519,2014
2020-02-12,319715683,85000000,234715683,2020
2019-03-29,366080049,80000000,286080049,2019
2019-10-18,82468705,14000000,68468705,2019
1992-11-19,358994850,18000000,340994850,1992
2021-10-13,253000000,50000000,203000000,2021
1998-11-25,363258859,120000000,243258859,1998
2021-05-26,233503234,200000000,33503234,2021
2015-12-11,133346506,28000000,105346506,2015
2007-05-17,813367380,160000000,653367380,2007
2000-09-01,83557872,10000000,73557872,2000
2013-08-07,269994119,37000000,232994119,2013
1984-06-08,296187079,30000000,266187079,1984
2013-05-23,362000072,103000000,259000072,2013
2012-09-20,358375603,85000000,273375603,2012
2019-12-04,801693929,125000000,676693929,2019
2004-04-30,130126277,17000000,113126277,2004
2017-09-01,78966486,10000000,68966486,2017
2018-06-07,297718711,70000000,227718711,2018
2011-07-29,145079584,50000000,95079584,2011
2004-04-09,30097092,6100000,23997092,2004
2021-07-28,168717425,185000000,-16282575,2021
2009-06-26,886686817,90000000,796686817,2009
2016-06-18,875457937,75000000,800457937,2016
2021-08-11,331526598,110000000,221526598,2021
2021-06-17,49750471,200000000,-150249529,2021
2017-05-25,177856751,69000000,108856751,2017
1985-02-15,51525171,1000000,50525171,1985
2014-06-05,331333876,50000000,281333876,2014
2016-11-23,634151679,75000000,559151679,2016
2007-07-25,527068851,75000000,452068851,2007
2011-07-21,149542245,35000000,114542245,2011
1999-03-30,53478166,16000000,37478166,1999
1990-03-23,463406268,14000000,449406268,1990
2015-02-25,153962963,50100000,103862963,2015
1993-02-11,71074049,14600000,56474049,1993
2004-06-17,219417255,60000000,159417255,2004
2014-02-06,469160692,60000000,409160692,2014
2016-05-15,62788218,50000000,12788218,2016
2021-12-07,791863,75000000,-74208137,2021
2010-08-12,48000000,85000000,-37000000,2010
1999-07-09,235483004,11000000,224483004,1999
2011-06-11,559852396,200000000,359852396,2011
2013-12-18,188133322,90000000,98133322,2013
2015-07-16,244874809,88000000,156874809,2015
2012-06-27,877244782,95000000,782244782,2012
2018-08-09,93411426,15000000,78411426,2018
2018-11-20,529323962,175000000,354323962,2018
2007-02-14,80573774,12000000,68573774,2007
2015-06-25,215863606,68000000,147863606,2015
2011-05-11,151119219,17000000,134119219,2011
1997-06-20,252712101,85000000,167712101,1997
2016-07-11,140705322,19000000,121705322,2016
1978-07-07,181813770,6000000,175813770,1978
2012-05-09,245527149,150000000,95527149,2012
2010-05-16,752600867,165000000,587600867,2010
2023-04-05,1355725263,100000000,1255725263,2023
2007-12-05,232372681,7500000,224872681,2007
2004-02-13,196482882,75000000,121482882,2004
2000-11-15,345823040,123000000,222823040,2000
2017-03-23,527965936,125000000,402965936,2017
2007-03-20,170812526,20000000,150812526,2007
2019-08-01,760098996,200000000,560098996,2019
2013-03-15,587204668,135000000,452204668,2013
2014-05-08,270665134,18000000,252665134,2014
2017-06-15,1031552585,80000000,951552585,2017
2006-06-23,240685326,82500000,158185326,2006
2022-07-06,760928081,250000000,510928081,2022
2006-07-26,100523181,8000000,92523181,2006
2010-09-16,75026327,8000000,67026327,2010
2009-05-20,413106170,150000000,263106170,2009
2022-12-07,482129780,90000000,392129780,2022
2014-08-07,485004754,125000000,360004754,2014
2008-10-30,603900354,150000000,453900354,2008
2000-07-07,278019771,19000000,259019771,2000
2008-12-09,223241637,70000000,153241637,2008
2010-10-28,321885765,130000000,191885765,2010
2010-10-13,199000000,58000000,141000000,2010
2005-08-11,177378645,26000000,151378645,2005
2012-09-28,115400000,17000000,98400000,2012
2015-09-23,194564672,35000000,159564672,2015
2011-04-03,484635760,90000000,394635760,2011
2009-06-01,317375031,40000000,277375031,2009
1988-03-30,74714298,15000000,59714298,1988
2000-12-15,169327687,100000000,69327687,2000
1998-08-28,28356188,1350000,27006188,1998
2003-09-07,244931766,40000000,204931766,2003
2008-07-03,609841637,52000000,557841637,2008
2016-07-14,229147509,144000000,85147509,2016
2011-03-02,245724603,135000000,110724603,2011
2013-06-12,126041322,32000000,94041322,2013
2011-07-08,209838559,35000000,174838559,2011
2004-09-20,367275019,75000000,292275019,2004
2012-03-01,102731865,12000000,90731865,2012
2015-08-13,108145109,75000000,33145109,2015
1984-06-08,153083102,11000000,142083102,1984
1961-01-25,85000000,4000000,81000000,1961
2013-01-31,116980662,35000000,81980662,2013
1995-04-07,141407024,19000000,122407024,1995
2018-02-16,66316289,17000000,49316289,2018
2017-08-16,176586701,30000000,146586701,2017
2017-10-12,125479266,4800000,120679266,2017
2020-02-29,141940042,200000000,-58059958,2020
2015-05-06,235666219,65000000,170666219,2015
2012-06-06,746921274,145000000,601921274,2012
1993-11-24,441286195,25000000,416286195,1993
1994-12-16,247275374,16000000,231275374,1994
1996-11-15,250200000,80000000,170200000,1996
2008-08-09,195702811,92000000,103702811,2008
2008-11-21,309979994,150000000,159979994,2008
2015-10-15,15656193,4000000,11656193,2015
2010-06-24,271430189,80000000,191430189,2010
1999-05-21,363889678,42000000,321889678,1999
2000-10-06,330444045,55000000,275444045,2000
2014-12-17,363204635,127000000,236204635,2014
2016-06-16,216972543,50000000,166972543,2016
2009-09-17,242988466,100000000,142988466,2009
2012-05-16,68263166,16000000,52263166,2012
2017-12-08,53939297,11000000,42939297,2017
2012-05-15,179379533,65000000,114379533,2012
2018-02-15,117501013,37000000,80501013,2018
2014-12-25,12342632,44000000,-31657368,2014
2005-02-11,371600000,70000000,301600000,2005
2015-09-21,473226958,80000000,393226958,2015
2016-01-23,521170825,145000000,376170825,2016
1994-02-04,107217396,15000000,92217396,1994
2011-02-14,97984015,40000000,57984015,2011
1975-05-25,1940906,400000,1540906,1975
2011-02-10,214945591,80000000,134945591,2011
2017-06-15,383925276,175000000,208925276,2017
1985-06-07,61389680,19000000,42389680,1985
1988-06-21,329803958,70000000,259803958,1988
2019-10-09,122801777,42000000,80801777,2019
2003-10-03,131095990,35000000,96095990,2003
1997-03-21,302710615,45000000,257710615,1997
2021-11-04,178143,160000000,-159821857,2021
1964-01-29,9523464,1800000,7723464,1964
2007-11-20,340487652,85000000,255487652,2007
2015-05-07,287506194,29000000,258506194,2015
2020-01-01,115171795,22000000,93171795,2020
2023-07-19,1428545028,145000000,1283545028,2023
2010-11-03,211780824,65000000,146780824,2010
1996-12-13,101371017,70000000,31371017,1996
2017-04-12,40343446,7000000,33343446,2017
2013-07-18,46089287,20000000,26089287,2013
2006-11-01,262552893,18000000,244552893,2006
1991-04-10,300855000,70000000,230855000,1991
2003-07-18,273339556,130000000,143339556,2003
2018-11-23,95918706,15000000,80918706,2018
2022-08-03,239268602,90000000,149268602,2022
2009-10-23,46471023,40000000,6471023,2009
2009-03-11,136316880,20000000,116316880,2009
2004-04-13,96455697,37000000,59455697,2004
2006-11-16,384335608,100000000,284335608,2006
2010-11-22,102820008,30000000,72820008,2010
2004-12-16,209073645,140000000,69073645,2004
1970-12-24,55675257,4000000,51675257,1970
2008-02-08,34533783,15000000,19533783,2008
2001-04-13,281929795,25000000,256929795,2001
1997-06-20,238207122,125000000,113207122,1997
2017-02-08,311950384,80000000,231950384,2017
2006-12-08,194168700,85000000,109168700,2006
1998-07-15,369884651,23000000,346884651,1998
2001-08-03,165335153,37000000,128335153,2001
2001-08-10,287553595,30000000,257553595,2001
2022-11-12,13280000,40000000,-26720000,2022
2007-10-28,287594577,150000000,137594577,2007
2016-08-18,86234523,40000000,46234523,2016
2000-06-23,224834564,45000000,179834564,2000
2022-03-10,18879922,190000000,-171120078,2022
1986-06-11,70136369,6000000,64136369,1986
2019-06-12,253890701,110000000,143890701,2019
2008-07-10,101702060,45000000,56702060,2008
2018-03-23,64337744,62770198,1567546,2018
2004-12-22,516642939,80000000,436642939,2004
2011-05-16,216197492,20000000,196197492,2011
2011-01-21,149228077,25000000,124228077,2011
1998-09-18,244721064,33000000,211721064,1998
1964-12-17,103082380,6000000,97082380,1964
2008-12-25,255743093,60000000,195743093,2008
2010-06-09,177238796,110000000,67238796,2010
2008-09-05,163720069,37000000,126720069,2008
1995-05-26,287928194,50000000,237928194,1995
1995-10-20,100000000,13200000,86800000,1995
2001-07-04,141220678,45000000,96220678,2001
2002-05-24,122563539,80000000,42563539,2002
1998-05-22,10680275,18500000,-7819725,1998
2022-04-08,405421518,110000000,295421518,2022
2015-02-20,43528634,8500000,35028634,2015
2005-03-10,262511490,75000000,187511490,2005
1987-09-25,30861665,16000000,14861665,1987
2001-10-05,71441250,21000000,50441250,2001
2016-06-23,408579038,105000000,303579038,2016
2016-05-04,108758521,35000000,73758521,2016
1987-03-06,120207127,15000000,105207127,1987
1991-11-22,191502426,30000000,161502426,1991
2010-06-15,261989769,117000000,144989769,2010
2006-05-17,343397247,80000000,263397247,2006
2012-04-04,234989584,50000000,184989584,2012
2017-08-18,133511855,50000000,83511855,2017
1998-10-02,171757863,60000000,111757863,1998
2007-12-13,361366633,60000000,301366633,2007
2016-01-20,94073028,11500000,82573028,2016
2013-04-18,87305549,25000000,62305549,2013
2011-05-13,288383523,32500000,255883523,2011
2001-09-28,60780981,28000000,32780981,2001
2002-06-14,275650703,84000000,191650703,2002
1999-12-17,300135367,133000000,167135367,1999
2005-07-13,288485135,40000000,248485135,2005
2014-12-24,212902372,50000000,162902372,2014
1980-07-02,83453539,3500000,79953539,1980
2018-06-28,528600000,80000000,448600000,2018
1996-08-02,33459416,36000000,-2540584,1996
1995-07-19,56631572,12000000,44631572,1995
1979-08-17,20745728,4000000,16745728,1979
1999-10-29,22863596,13000000,9863596,1999
1988-06-29,288752301,30000000,258752301,1988
2007-06-09,174440724,175000000,-559276,2007
1989-06-16,215394738,37000000,178394738,1989
2013-06-07,44000000,58000000,-14000000,2013
2013-07-11,247022278,80000000,167022278,2013
2019-08-21,57615777,6000000,51615777,2019
2021-11-11,191000000,75000000,116000000,2021
2016-07-28,183936074,20000000,163936074,2016
1961-10-06,9500000,2500000,7000000,1961
2018-08-29,97644617,20000000,77644617,2018
2014-07-17,126069509,40000000,86069509,2014
2016-12-22,118102725,38000000,80102725,2016
2014-11-12,107670357,42000000,65670357,2014
2000-11-02,264105545,92000000,172105545,2000
2016-11-18,18803648,9000000,9803648,2016
2010-08-06,170432927,100000000,70432927,2010
2015-12-24,101134059,60000000,41134059,2015
2004-06-28,90574188,26000000,64574188,2004
2013-08-02,131940411,61000000,70940411,2013
2014-11-22,373552094,132000000,241552094,2014
1980-06-16,115229890,27000000,88229890,1980
2000-08-30,71870729,26000000,45870729,2000
1998-07-28,92108518,15000000,77108518,1998
2003-08-01,231449203,55000000,176449203,2003
2014-05-22,86410000,40000000,46410000,2014
1995-11-10,212385533,30000000,182385533,1995
2013-07-18,148100000,84000000,64100000,2013
2003-10-24,220673217,48000000,172673217,2003
2021-07-08,163692228,150000000,13692228,2021
2013-07-18,61648500,130000000,-68351500,2013
2013-06-27,158674180,43000000,115674180,2013
2015-03-18,368871007,135000000,233871007,2015
2022-11-17,79628200,35000000,44628200,2022
2001-08-03,347325802,90000000,257325802,2001
2007-06-01,219922417,30000000,189922417,2007
1989-07-21,92823546,16000000,76823546,1989
2020-10-16,1122066,30000000,-28877934,2020
2006-06-30,140175006,75000000,65175006,2006
1984-12-05,316360478,14000000,302360478,1984
2004-06-10,200804534,50000000,150804534,2004
2003-10-09,225097437,32000000,193097437,2003
2019-06-26,88092097,26000000,62092097,2019
2005-11-04,314432665,150000000,164432665,2005
2001-07-13,141774679,18000000,123774679,2001
2000-12-15,374111707,70000000,304111707,2000
2012-10-12,33035736,15000000,18035736,2012
2005-04-28,104478416,50000000,54478416,2005
2000-12-22,212000000,45000000,167000000,2000
2016-02-05,63647656,22000000,41647656,2016
2013-09-07,63464861,8000000,55464861,2013
2000-09-28,109280263,5000000,104280263,2000
2011-10-27,554987477,130000000,424987477,2011
1977-04-19,38288028,4000000,34288028,1977
2011-07-29,563749323,110000000,453749323,2011
2015-08-05,158162788,58000000,100162788,2015
2020-11-25,215905815,65000000,150905815,2020
2004-06-23,113086475,37000000,76086475,2004
2000-06-22,149270999,51000000,98270999,2000
2011-09-30,39187783,8000000,31187783,2011
2003-02-07,177502387,50000000,127502387,2003
2006-10-22,178120010,149000000,29120010,2006
2003-08-05,160846332,26000000,134846332,2003
2000-03-31,76432727,95000000,-18567273,2000
2015-07-28,104384188,31000000,73384188,2015
2008-08-06,101624843,27000000,74624843,2008
2007-12-25,175372502,45000000,130372502,2007
1997-12-19,314178011,50000000,264178011,1997
2008-06-05,204313400,90000000,114313400,2008
2009-09-18,31556061,16000000,15556061,2009
2018-11-08,508575295,75000000,433575295,2018
1936-02-05,1800000,1500000,300000,1936
2009-02-06,178866158,40000000,138866158,2009
2016-05-11,349779543,73000000,276779543,2016
2018-08-15,238539198,30000000,208539198,2018
2014-11-24,259207227,55000000,204207227,2014
2014-04-16,196781193,40000000,156781193,2014
2019-02-13,48800000,31000000,17800000,2019
2017-03-12,29820616,10000000,19820616,2017
2008-06-19,230685453,80000000,150685453,2008
2016-10-13,346864462,125000000,221864462,2016
2008-10-11,252909177,11000000,241909177,2008
2009-07-24,321682600,38000000,283682600,2009
1988-06-03,151927281,18000000,133927281,1988
1988-12-02,78756177,12000000,66756177,1988
2016-06-24,4900000,3000000,1900000,2016
2014-04-16,176404493,13000000,163404493,2014
2016-06-01,245623848,135000000,110623848,2016
2014-06-19,6263224,1600000,4663224,2014
2007-09-07,24377151,16000000,8377151,2007
2017-08-17,48453605,29000000,19453605,2017
2014-05-21,127994610,40000000,87994610,2014
2014-03-19,500188435,103000000,397188435,2014
2004-04-09,31635150,21000000,10635150,2004
2004-06-18,167722310,20000000,147722310,2004
2002-01-30,128027976,58500000,69527976,2002
2012-02-14,156974557,65000000,91974557,2012
2001-03-18,147934180,35000000,112934180,2001
2013-02-07,173965010,35000000,138965010,2013
1959-03-19,25000000,2883848,22116152,1959
2003-03-14,160583018,40000000,120583018,2003
2008-04-17,105173115,30000000,75173115,2008
1996-11-27,320689294,54000000,266689294,1996
2017-12-20,184724494,45000000,139724494,2017
2013-11-29,112544580,35000000,77544580,2013
2018-07-09,395044706,75000000,320044706,2018
2019-02-13,25327500,9000000,16327500,2019
2018-12-13,348807090,130000000,218807090,2018
1989-07-07,227853986,25000000,202853986,1989
1971-06-29,4000000,3000000,1000000,1971
2018-12-25,76073488,60000000,16073488,2018
1999-06-30,222104681,170000000,52104681,1999
1997-05-02,67711748,16500000,51211748,1997
2014-08-21,27007072,4000000,23007072,2014
2017-01-19,205035819,22000000,183035819,2017
2005-05-27,190320568,82000000,108320568,2005
2000-12-22,152500343,25000000,127500343,2000
2022-06-29,939628210,85000000,854628210,2022
2016-02-08,112343513,38000000,74343513,2016
2010-09-01,45491656,20000000,25491656,2010
1999-06-08,312016928,33000000,279016928,1999
2011-09-15,160078586,45000000,115078586,2011
1940-10-15,11000000,2000000,9000000,1940
2008-03-03,298572799,85000000,213572799,2008
2011-10-12,133432856,15000000,118432856,2011
2010-12-21,310650585,100000000,210650585,2010
2012-03-15,183018522,85000000,98018522,2012
1985-02-20,9900000,15000000,-5100000,1985
2012-10-04,81493846,39000000,42493846,2012
1967-12-21,104945305,3000000,101945305,1967
2004-08-06,134734481,40000000,94734481,2004
1999-06-25,234801895,34200000,200601895,1999
2004-07-16,70067909,19000000,51067909,2004
2014-05-08,45967935,11000000,34967935,2014
2011-01-12,227817248,120000000,107817248,2011
2006-04-12,178262620,45000000,133262620,2006
2015-09-30,61181942,35000000,26181942,2015
1998-12-25,202292902,50000000,152292902,1998
1998-12-17,250821495,65000000,185821495,1998
2022-03-24,192907684,74000000,118907684,2022
2015-12-25,242786137,50000000,192786137,2015
1996-12-13,273552592,50000000,223552592,1996
2010-10-02,105734416,38000000,67734416,2010
1983-06-07,90404800,15000000,75404800,1983
1992-05-28,231605150,31000000,200605150,1992
2014-11-12,169837010,40000000,129837010,2014
2008-01-10,160259319,30000000,130259319,2008
2017-01-27,42067430,18000000,24067430,2017
2007-08-08,258022233,140000000,118022233,2007
2013-09-26,248384621,78000000,170384621,2013
2010-02-10,216485654,52000000,164485654,2010
1974-12-15,86273333,2800000,83473333,1974
2018-05-30,75100000,28000000,47100000,2018
2003-04-11,195745823,75000000,120745823,2003
2002-07-26,296938801,63000000,233938801,2002
2009-01-09,115375850,30000000,85375850,2009
2008-07-25,128107642,65000000,63107642,2008
1952-04-09,7200000,2540800,4659200,1952
2005-03-04,198636868,56000000,142636868,2005
1998-06-26,294456605,71000000,223456605,1998
2017-07-23,216909830,50000000,166909830,2017
1992-10-31,21502976,11000000,10502976,1992
2008-05-07,219375562,35000000,184375562,2008
1998-12-11,289317794,25000000,264317794,1998
2003-06-27,259175788,120000000,139175788,2003
2005-10-21,123276807,25000000,98276807,2005
2019-05-24,155152550,80000000,75152550,2019
1989-06-23,222724172,18000000,204724172,1989
2020-09-24,21700000,5150000,16550000,2020
2012-06-28,167221571,7000000,160221571,2012
1987-03-13,10900000,3500000,7400000,1987
2006-03-17,33889159,20000000,13889159,2006
1997-12-12,79082515,32000000,47082515,1997
2019-11-14,73279888,48000000,25279888,2019
2019-09-12,157600000,20000000,137600000,2019
2016-09-14,211952420,35000000,176952420,2016
2013-09-13,36894225,30000000,6894225,2013
2011-09-16,30722632,25000000,5722632,2011
2011-11-02,152930623,75000000,77930623,2011
2010-05-13,82148538,30000000,52148538,2010
1993-07-16,45395069,28000000,17395069,1993
2011-06-17,187361754,55000000,132361754,2011
2020-08-14,4700000,60000000,-55300000,2020
2013-08-02,6854611,2500000,4354611,2013
1996-06-28,128769345,54000000,74769345,1996
1993-11-19,48919043,47000000,1919043,1993
1986-05-30,11000000,25000000,-14000000,1986
2009-12-21,443140005,75000000,368140005,2009
2001-11-01,141069860,40000000,101069860,2001
2020-07-10,164000,5000000,-4836000,2020
2018-11-16,120989656,48000000,72989656,2018
1987-06-24,38119483,22700000,15419483,1987
2010-03-16,136333522,40000000,96333522,2010
1995-07-18,254134910,30000000,224134910,1995
1999-02-19,12827813,10000000,2827813,1999
2017-12-09,295038508,111000000,184038508,2017
2004-01-16,178311729,42000000,136311729,2004
2008-12-24,212874864,80000000,132874864,2008
2010-04-08,152263880,55000000,97263880,2010
1992-05-15,321731527,35000000,286731527,1992
2004-12-10,34808403,50000000,-15191597,2004
2007-03-22,232225908,25000000,207225908,2007
2004-11-14,140161792,30000000,110161792,2004
2013-04-11,78378744,20000000,58378744,2013
2015-08-19,27139524,28000000,-860476,2015
2003-12-24,190212113,40000000,150212113,2003
2014-08-13,136621271,17000000,119621271,2014
2007-03-23,169332978,150000000,19332978,2007
2019-12-04,171616764,100000000,71616764,2019
1975-08-14,112892319,1200000,111692319,1975
2004-11-10,262500000,40000000,222500000,2004
2017-04-06,84618541,25000000,59618541,2017
2006-09-01,495303,30000000,-29504697,2006
2012-02-10,10500000,11000000,-500000,2012
2011-09-09,177243185,20000000,157243185,2011
2011-08-05,75450437,52000000,23450437,2011
2005-08-26,105316267,88000000,17316267,2005
2016-05-11,43763247,30000000,13763247,2016
2018-08-02,99138899,75000000,24138899,2018
2006-09-27,197309027,85000000,112309027,2006
2015-03-26,111811453,40000000,71811453,2015
2015-01-21,47318560,60000000,-12681440,2015
2014-01-29,45640143,8000000,37640143,2014
2006-06-01,205668210,52000000,153668210,2006
2004-02-10,102034104,20000000,82034104,2004
2011-12-08,120081841,50000000,70081841,2011
2004-03-24,181466833,80000000,101466833,2004
2010-01-22,5224938,5000000,224938,2010
2009-02-05,108332743,40000000,68332743,2009
2023-06-14,486797988,200000000,286797988,2023
1999-06-30,83137603,21000000,62137603,1999
2005-09-05,15785148,15000000,785148,2005
1993-06-18,137300000,85000000,52300000,1993
1994-03-09,245700832,4400000,241300832,1994
2015-07-17,140795793,35000000,105795793,2015
2014-10-01,97437106,50000000,47437106,2014
2005-09-04,192610372,30000000,162610372,2005
1995-12-09,4257354,4000000,257354,1995
1987-12-23,123922370,13000000,110922370,1987
2023-03-15,133437105,125000000,8437105,2023
1984-03-22,81198894,4500000,76698894,1984
1997-06-19,299288605,38000000,261288605,1997
1996-02-16,41205099,12000000,29205099,1996
1998-07-10,285444603,140000000,145444603,1998
2019-05-24,24849029,6000000,18849029,2019
2002-12-10,306776732,45000000,261776732,2002
1992-07-30,149022650,55000000,94022650,1992
2007-07-19,90450008,50000000,40450008,2007
1996-11-21,129832389,60000000,69832389,1996
2013-12-18,173649015,50000000,123649015,2013
2017-11-09,180613180,69000000,111613180,2017
2016-07-07,77068246,33000000,44068246,2016
1973-12-25,159616327,5500000,154116327,1973
2012-08-03,107139399,60000000,47139399,2012
2023-03-23,208177026,151000000,57177026,2023
2019-05-09,97409779,21000000,76409779,2019
2014-12-12,14710975,20000000,-5289025,2014
2000-05-26,99274467,55000000,44274467,2000
1990-06-15,41482207,50000000,-8517793,1990
2004-02-20,20796847,25000000,-4203153,2004
2009-01-15,183293131,26000000,157293131,2009
1999-11-12,31429330,10000000,21429330,1999
2021-02-10,136536687,50000000,86536687,2021
2004-06-16,72178895,110000000,-37821105,2004
2008-02-20,245144417,11000000,234144417,2008
2021-07-01,146745280,82000000,64745280,2021
2018-09-13,158972499,25000000,133972499,2018
1994-10-19,3151130,27575,3123555,1994
1990-12-21,201957688,15000000,186957688,1990
2007-06-08,149044513,85000000,64044513,2007
2010-03-26,64780213,36000000,28780213,2010
2015-07-17,27391084,11000000,16391084,2015
1998-12-11,17096053,9000000,8096053,1998
1994-05-26,341631208,46000000,295631208,1994
2017-03-30,56303596,5000000,51303596,2017
2002-12-06,32801173,19000000,13801173,2002
2022-12-22,63363579,78000000,-14636421,2022
2002-07-19,169956806,120000000,49956806,2002
1998-04-08,44500000,8700000,35800000,1998
2021-10-21,46333545,25000000,21333545,2021
1997-07-03,251212670,18000000,233212670,1997
2010-12-23,237382724,112000000,125382724,2010
2005-12-21,202026112,100000000,102026112,2005
2003-02-13,79384880,4800000,74584880,2003
2010-10-08,6491240,8000000,-1508760,2010
2008-09-18,42105111,24000000,18105111,2008
2011-09-30,30426096,20000000,10426096,2011
1997-11-26,177977226,80000000,97977226,1997
1996-06-10,102825796,47000000,55825796,1996
2015-01-28,311594032,74000000,237594032,2015
2015-08-26,11122090,6000000,5122090,2015
2005-09-16,102854431,58000000,44854431,2005
2009-05-01,102223269,37500000,64723269,2009
2016-09-22,182379278,70000000,112379278,2016
2009-12-23,70000000,9000000,61000000,2009
1987-05-18,299965036,28000000,271965036,1987
2013-01-24,32438988,6000000,26438988,2013
1979-04-25,40194067,9000000,31194067,1979
2019-11-07,121550750,30000000,91550750,2019
2012-07-26,68267862,68000000,267862,2012
1989-10-12,296999813,7500000,289499813,1989
2007-07-12,187134117,85000000,102134117,2007
2016-02-24,27979040,35000000,-7020960,2016
1981-08-21,31973249,10000000,21973249,1981
2005-07-29,86369815,35000000,51369815,2005
2000-05-31,173959438,30000000,143959438,2000
2019-10-10,204394183,40000000,164394183,2019
1993-06-24,227799884,21000000,206799884,1993
2005-06-22,144146816,50000000,94146816,2005
2004-03-05,170268750,60000000,110268750,2004
1994-09-27,5887457,18000000,-12112543,1994
2016-03-11,13624522,4000000,9624522,2016
2014-01-07,153997819,25000000,128997819,2014
2007-02-08,159313561,10000000,149313561,2007
2017-11-09,227300000,40000000,187300000,2017
2006-09-09,53653224,30000000,23653224,2006
2016-02-06,56722693,50000000,6722693,2016
2018-08-02,33562069,40000000,-6437931,2018
1989-11-30,71319546,27000000,44319546,1989
2002-10-25,24665649,25000000,-334351,2002
2022-10-20,49262687,20000000,29262687,2022
1994-12-19,38087756,40000000,-1912244,1994
2003-02-06,88323487,50000000,38323487,2003
2019-07-26,23800000,25000000,-1200000,2019
2002-06-28,171269535,50000000,121269535,2002
2010-06-04,98159963,75000000,23159963,2010
2002-04-26,129000000,27000000,102000000,2002
2013-07-30,347434178,105000000,242434178,2013
1988-12-08,216614388,15000000,201614388,1988
2009-10-17,68729358,24000000,44729358,2009
2003-07-25,197011982,38000000,159011982,2003
2016-02-04,16457494,28000000,-11542506,2016
2001-06-08,98376292,80000000,18376292,2001
1992-02-14,183097323,20000000,163097323,1992
1960-06-21,25000000,3000000,22000000,1960
2016-01-01,75173000,11089000,64084000,2016
1982-12-18,2536000,19000000,-16464000,1982
2012-12-20,88215156,35000000,53215156,2012
2018-09-15,131523093,42000000,89523093,2018
2011-12-14,342695435,75000000,267695435,2011
2002-08-07,119723358,38000000,81723358,2002
2009-04-03,17164820,9800000,7364820,2009
2010-08-20,83188165,24000000,59188165,2010
2011-12-08,142044638,56000000,86044638,2011
2013-10-31,134402450,28000000,106402450,2013
2001-07-05,42776760,10000005,32776755,2001
1999-12-25,90683916,45000000,45683916,1999
2011-07-01,39782683,20000000,19782683,2011
1991-06-28,86930411,23000000,63930411,1991
2006-06-15,141702264,60000000,81702264,2006
2008-05-12,418765519,65000000,353765519,2008
2015-04-08,4366460,10000000,-5633540,2015
2019-02-06,199603202,99000000,100603202,2019
2014-07-25,51029361,16800000,34229361,2014
2016-02-25,46152411,23000000,23152411,2016
2003-05-09,164433867,60000000,104433867,2003
2005-09-09,24793509,6500000,18293509,2005
2002-04-19,368744044,5000000,363744044,2002
2009-04-01,36348784,50000000,-13651216,2009
2021-06-14,70060492,70000000,60492,2021
1931-02-01,4250000,1500000,2750000,1931
1998-07-10,54682547,40000000,14682547,1998
1991-07-31,181096164,26000000,155096164,1991
2010-03-11,49779728,20000000,29779728,2010
2011-11-11,149673788,79000000,70673788,2011
2018-04-19,94539426,32000000,62539426,2018
1988-07-15,62493712,7500000,54993712,1988
1997-07-15,174463257,55000000,119463257,1997
1984-05-04,23686027,6500000,17186027,1984
2017-08-04,130560428,28000000,102560428,2017
2021-11-26,27423319,40000000,-12576681,2021
1999-01-29,103166989,10000000,93166989,1999
2020-03-11,49276818,90000000,-40723182,2020
2003-11-26,76490720,23000000,53490720,2003
2015-05-20,2000000,13360000,-11360000,2015
2009-04-10,155545279,35000000,120545279,2009
2015-05-29,26250020,37000000,-10749980,2015
2016-11-25,114501299,45000000,69501299,2016
2000-07-30,113916474,45000000,68916474,2000
2009-10-02,32406507,18500000,13906507,2009
2010-01-08,32686500,19000000,13686500,2010
1991-11-27,59490000,17000000,42490000,1991
2011-05-12,3964682,14350531,-10385849,2011
2002-12-19,199043242,60000000,139043242,2002
2009-09-30,31430334,7000000,24430334,2009
2012-04-20,73244881,17000000,56244881,2012
2017-06-15,45056771,20000000,25056771,2017
2009-11-19,104945765,70000000,34945765,2009
2012-06-22,9636289,10000000,-363711,2012
2015-11-26,61788393,15000000,46788393,2015
2001-12-07,66468332,16000000,50468332,2001
2016-10-20,29918745,40000000,-10081255,2016
1999-09-27,108000000,75000000,33000000,1999
2019-09-19,190304772,75000000,115304772,2019
2004-05-30,23936908,9000000,14936908,2004
2003-07-02,80767884,60000000,20767884,2003
1921-01-21,2500000,250000,2250000,1921
2007-09-28,147880543,22000000,125880543,2007
1993-07-28,35739755,20000000,15739755,1993
2005-12-21,129181830,60000000,69181830,2005
1987-03-01,29180280,6000000,23180280,1987
2018-03-14,94017294,21000000,73017294,2018
2022-12-28,108961677,50000000,58961677,2022
1985-04-25,14237880,4000000,10237880,1985
1962-06-13,9250000,2000000,7250000,1962
2016-03-31,23915910,2500000,21415910,2016
2010-01-14,112462508,48000000,64462508,2010
1993-09-24,7993039,69000000,-61006961,1993
2003-11-26,182290266,90000000,92290266,2003
1993-10-01,154856263,14000000,140856263,1993
2013-09-07,7847000,11000000,-3153000,2013
1994-11-11,189833357,22000000,167833357,1994
1994-03-18,51132598,30000000,21132598,1994
1953-08-26,12000000,1500000,10500000,1953
2011-02-25,83200000,36000000,47200000,2011
2009-09-19,171844840,70000000,101844840,2009
1999-07-30,309457509,70000000,239457509,1999
2003-09-26,80916492,85000000,-4083508,2003
2014-04-16,20258904,3400000,16858904,2014
2008-01-30,132900000,97250400,35649600,2008
1987-07-31,32222567,8500000,23722567,1987
2011-08-18,41002607,30000000,11002607,2011
2006-02-10,158851357,65000000,93851357,2006
2008-08-22,70442940,25000000,45442940,2008
2000-03-17,47126295,30000000,17126295,2000
2009-02-09,1740429,8240000,-6499571,2009
2002-09-27,104391623,60000000,44391623,2002
2000-05-19,119754278,16000000,103754278,2000
2006-05-12,38159905,28000000,10159905,2006
2008-08-15,21972336,20000000,1972336,2008
2021-10-27,46900000,30000000,16900000,2021
2002-12-13,154906693,55000000,99906693,2002
2002-04-11,76578641,3500159,73078482,2002
2016-12-14,2351359,30000000,-27648641,2016
1998-04-15,78599508,12500000,66099508,1998
2007-12-26,18610260,10000000,8610260,2007
2010-05-11,49830607,19000000,30830607,2010
2001-10-05,77516304,28000000,49516304,2001
2014-09-26,868081,1645000,-776919,2014
2009-07-24,292817841,150000000,142817841,2009
2015-10-23,14860766,15000000,-139234,2015
2017-09-22,12638526,25000000,-12361474,2017
2000-12-12,124700000,60000000,64700000,2000
2012-06-14,58058367,70000000,-11941633,2012
2009-06-18,62357900,60000000,2357900,2009
2014-10-09,54837234,13000000,41837234,2014
2008-11-07,92380927,28000000,64380927,2008
2014-02-06,54606,2000000,-1945394,2014
2016-11-17,2152738,5000000,-2847262,2016
2010-10-01,65584679,4000000,61584679,2010
2007-07-26,26820641,39000000,-12179359,2007
1986-09-26,328203506,5000000,323203506,1986
1989-12-22,63408614,55000000,8408614,1989
1999-04-16,67872296,8272296,59600000,1999
2000-12-15,73180723,13000000,60180723,2000
2013-01-11,60141683,2500000,57641683,2013
2010-03-26,93251121,35000000,58251121,2010
2012-05-17,79700000,40000000,39700000,2012
1987-11-26,49500000,15000000,34500000,1987
2004-04-09,27388767,31000000,-3611233,2004
1999-03-05,176885658,80000000,96885658,1999
2000-10-19,90383208,48000000,42383208,2000
1998-10-16,50671850,25000000,25671850,1998
1983-03-31,14949697,9000000,5949697,1983
2004-10-10,50907422,32000000,18907422,2004
2000-02-18,106371651,41300000,65071651,2000
2015-07-01,117813057,14800000,103013057,2015
1993-05-21,133752825,25000000,108752825,1993
2019-08-14,111037232,20000000,91037232,2019
2002-03-29,39241323,6000000,33241323,2002
2004-06-11,46118097,400000,45718097,2004
2004-07-28,26781723,2500000,24281723,2004
2022-03-17,250162278,80000000,170162278,2022
2017-10-20,24640027,13000000,11640027,2017
2000-11-10,58292295,85000000,-26707705,2000
2014-02-07,15391979,30000000,-14608021,2014
1974-02-07,119500000,2600000,116900000,1974
1993-12-09,57319029,38000000,19319029,1993
2010-07-30,86387857,69000000,17387857,2010
2015-10-08,25513752,3196621,22317131,2015
1998-11-06,185991646,23000000,162991646,1998
1984-03-30,86572238,10000000,76572238,1984
1989-02-17,40485039,10000000,30485039,1989
2008-03-28,25871834,35000000,-9128166,2008
2003-02-21,87135520,24000000,63135520,2003
2022-09-18,24733572,15600000,9133572,2022
2001-08-17,85498534,48000000,37498534,2001
2013-06-06,23198652,4600000,18598652,2013
2007-10-12,11293663,12000000,-706337,2007
2009-12-22,5021219,8000000,-2978781,2009
2007-03-30,118200000,53000000,65200000,2007
2016-09-29,29200000,25000000,4200000,2016
2021-11-10,107347356,64000000,43347356,2021
2010-06-03,90029656,40000000,50029656,2010
2009-06-19,36020534,15000000,21020534,2009
2005-12-16,51053787,15000000,36053787,2005
2012-08-09,104907746,95000000,9907746,2012
1999-12-22,47434430,82000000,-34565570,1999
2022-11-30,75734910,20000000,55734910,2022
1995-04-26,28215918,3500000,24715918,1995
1995-04-07,35348597,18000000,17348597,1995
1982-12-17,177200000,21000000,156200000,1982
1994-05-24,119208989,50000000,69208989,1994
2000-03-25,64400000,10500000,53900000,2000
2015-12-30,5659286,8000000,-2340714,2015
1990-03-30,201965915,13500000,188465915,1990
1998-02-13,123306987,18000000,105306987,1998
2020-07-08,28588425,90000000,-61411575,2020
2019-08-08,120597108,49000000,71597108,2019
2011-08-11,40547440,28000000,12547440,2011
1995-04-21,182057016,17000000,165057016,1995
2007-08-17,46789413,9000000,37789413,2007
2017-02-15,29370592,7546570,21824022,2017
2006-03-17,85582407,12899867,72682540,2006
2020-02-13,25155355,10000000,15155355,2020
2013-11-07,77676735,5000000,72676735,2013
2006-04-28,87528173,50000000,37528173,2006
2013-09-23,9114264,5000000,4114264,2013
2019-02-14,39055536,11000000,28055536,2019
2003-09-12,65565672,62000000,3565672,2003
2016-01-14,124827316,40000000,84827316,2016
2009-07-08,138805831,42000000,96805831,2009
2003-09-26,19322135,40000000,-20677865,2003
2000-08-25,90449929,28000000,62449929,2000
2015-11-20,52395996,25000000,27395996,2015
2014-09-10,108255770,60000000,48255770,2014
2009-03-20,91980359,41000000,50980359,2009
2001-06-22,176104344,70000000,106104344,2001
2006-08-31,101595121,64000000,37595121,2006
2018-09-27,33157615,29000000,4157615,2018
1983-06-17,75850624,39000000,36850624,1983
2007-02-09,145896422,40000000,105896422,2007
2001-01-26,94728529,35000000,59728529,2001
2013-08-09,219788712,50000000,169788712,2013
2008-04-30,106407672,40000000,66407672,2008
2008-01-24,85897593,30000000,55897593,2008
1998-09-17,49805462,60000000,-10194538,1998
2010-05-26,290745055,100000000,190745055,2010
2005-05-13,154749918,43000000,111749918,2005
1985-12-13,14643997,15000000,-356003,1985
2006-03-10,128406887,50000000,78406887,2006
1991-08-01,6153939,9000000,-2846061,1991
2015-12-17,233755553,90000000,143755553,2015
2015-10-29,25003426,11930000,13073426,2015
2003-11-21,133800000,109000000,24800000,2003
2011-07-06,169852759,80000000,89852759,2011
2006-08-04,162966177,72500000,90466177,2006
1989-03-31,1108462,3000000,-1891538,1989
2009-01-18,20768906,13000000,7768906,2009
2003-03-27,50732139,20000000,30732139,2003
2014-05-09,1897363,1000000,897363,2014
2015-05-08,51680201,35000000,16680201,2015
2019-08-02,147792047,65000000,82792047,2019
2015-09-02,15709652,8700000,7009652,2015
2001-07-04,93375151,60000000,33375151,2001
2006-07-27,31584901,4000000,27584901,2006
2022-04-20,29116320,30000000,-883680,2022
2012-07-25,9128263,8000000,1128263,2012
1995-02-10,26488734,10000000,16488734,1995
2006-12-09,57103895,17000000,40103895,2006
2015-01-16,79799880,23000000,56799880,2015
2007-10-05,127766650,60000000,67766650,2007
1997-08-13,257850122,3500000,254350122,1997
2015-11-05,246233113,99000000,147233113,2015
2011-11-17,150406466,130000000,20406466,2011
2004-10-22,109502303,16000000,93502303,2004
2006-01-26,138259062,40000000,98259062,2006
2012-04-04,10109659,7500000,2609659,2012
2004-03-25,76700000,35000000,41700000,2004
1992-08-13,242623,3000000,-2757377,1992
2010-10-20,48531470,25000000,23531470,2010
2013-10-22,151831537,15000000,136831537,2013
2002-09-20,9304609,4000000,5304609,2002
2003-12-12,266728738,80000000,186728738,2003
2023-02-22,87649532,32500000,55149532,2023
2006-08-18,38505009,23000000,15505009,2006
1994-05-20,183031272,75000000,108031272,1994
2015-04-16,107597242,38000000,69597242,2015
1988-11-18,74151346,31000000,43151346,1988
2005-06-21,131426169,85000000,46426169,2005
2010-03-19,76196538,15000000,61196538,2010
2002-10-25,64282312,5000000,59282312,2002
2011-11-22,165184237,45000000,120184237,2011
2004-11-12,24829644,12000000,12829644,2004
2013-03-01,48065672,13000000,35065672,2013
2006-11-22,13405595,22000000,-8594405,2006
1925-07-12,4000000,923000,3077000,1925
2003-07-02,124914842,45000000,79914842,2003
2018-10-19,6897446,258158,6639288,2018
2006-06-16,99255460,35000000,64255460,2006
2007-01-25,86865564,20000000,66865564,2007
2017-07-21,140376621,19000000,121376621,2017
1990-04-06,8266343,11000000,-2733657,1990
2020-11-12,15104310,5000000,10104310,2020
2008-05-07,93945766,120000000,-26054234,2008
2001-08-22,33788161,22000000,11788161,2001
2023-06-15,82995526,45000000,37995526,2023
2010-11-26,324138,2500000,-2175862,2010
2003-11-14,68514844,80000000,-11485156,2003
2006-03-03,23006849,12000000,11006849,2006
2018-07-06,18200000,3200000,15000000,2018
2002-09-26,180622424,30000000,150622424,2002
2010-02-26,55583804,30000000,25583804,2010
1978-07-27,141000000,2700000,138300000,1978
2018-01-19,13539709,2000000,11539709,2018
2015-06-19,17986781,7000000,10986781,2015
1983-07-29,61399552,15000000,46399552,1983
2016-05-06,48902953,29000000,19902953,2016
2006-03-31,12834936,15000000,-2165064,2006
2013-12-26,74188937,25000000,49188937,2013
2003-01-29,65497208,14500000,50997208,2003
1985-03-28,55600000,7600000,48000000,1985
2013-10-10,51164106,26000000,25164106,2013
2007-09-21,59192128,25000000,34192128,2007
1996-07-18,29359216,30000000,-640784,1996
1999-04-09,84565230,25000000,59565230,1999
1994-11-22,108431355,60000000,48431355,1994
1992-03-13,64088552,11000000,53088552,1992
2006-09-09,42064105,35000000,7064105,2006
2010-11-10,60040976,40000000,20040976,2010
2010-07-09,34705850,3500000,31205850,2010
2008-02-07,111231041,70000000,41231041,2008
1955-08-03,8750000,2500000,6250000,1955
2018-10-11,93320380,35000000,58320380,2018
2003-09-02,119940815,60000000,59940815,2003
2017-10-04,23800000,17200000,6600000,2017
1999-09-17,117758500,65000000,52758500,1999
1993-06-24,117270765,35000000,82270765,1993
2005-04-06,119269486,130000000,-10730514,2005
1988-11-22,60328558,32000000,28328558,1988
2022-07-27,203000000,90000000,113000000,2022
2008-04-25,43493123,12000000,31493123,2008
1998-07-31,65705772,26000000,39705772,1998
2014-08-06,89514453,22000000,67514453,2014
1998-10-16,46733235,75000000,-28266765,1998
1986-05-09,40697761,10000000,30697761,1986
2012-10-11,73100000,42000000,31100000,2012
2007-12-19,119483446,75000000,44483446,2007
1994-12-23,99423521,35000000,64423521,1994
2017-03-23,197183546,60000000,137183546,2017
1998-06-12,164839294,70000000,94839294,1998
2013-03-14,27437881,30000000,-2562119,2013
1982-12-07,78868508,12000000,66868508,1982
1998-12-25,159710793,50000000,109710793,1998
2019-02-08,69766483,20000000,49766483,2019
1985-10-18,2023414,900000,1123414,1985
2010-04-23,77477008,35000000,42477008,2010
2012-06-08,4424699,750000,3674699,2012
2008-07-08,50650079,60000000,-9349921,2008
1988-07-29,171504781,20000000,151504781,1988
2019-08-08,33766787,18000000,15766787,2019
2001-03-01,147845033,57000000,90845033,2001
2006-03-01,21156270,15000000,6156270,2006
2018-09-27,11277120,15800000,-4522880,2018
2015-12-18,105011053,30000000,75011053,2015
2006-07-27,68844775,18000000,50844775,2006
2022-02-17,84774243,20000000,64774243,2022
1986-12-19,38748395,25000000,13748395,1986
2018-04-13,91244913,12000000,79244913,2018
1991-04-17,1794187,4000000,-2205813,1991
2014-04-17,25343661,4000000,21343661,2014
2009-12-23,219103655,85000000,134103655,2009
2011-09-10,4633668,10000000,-5366332,2011
2003-06-27,1752988,6000000,-4247012,2003
2019-07-12,23076657,250300,22826357,2019
2006-12-07,144000000,85000000,59000000,2006
1999-12-10,65535067,17000000,48535067,1999
1973-08-01,140000000,777000,139223000,1973
1985-08-16,10609321,4500000,6109321,1985
2001-07-20,8800000,7000000,1800000,2001
2006-07-28,55181129,50000000,5181129,2006
1984-05-04,4736202,2500000,2236202,1984
2010-10-15,117224271,20000000,97224271,2010
2015-12-02,24563629,9458736,15104893,2015
2016-01-28,21164799,20000000,1164799,2016
1992-07-01,132440069,40000000,92440069,1992
2016-04-07,78636257,29000000,49636257,2016
2010-03-17,47355187,8700000,38655187,2010
2015-02-05,106209378,25000000,81209378,2015
1987-06-12,63766510,22000000,41766510,1987
2014-10-08,100654149,28000000,72654149,2014
1997-04-04,12021272,250000,11771272,1997
2012-01-18,35000000,6000000,29000000,2012
2003-01-08,101564935,18000000,83564935,2003
2000-10-07,183611771,85000000,98611771,2000
2002-03-21,25900000,7000000,18900000,2002
1985-08-01,38934048,7500000,31434048,1985
2012-04-27,54169363,30000000,24169363,2012
2006-07-13,130628903,54000000,76628903,2006
2014-09-19,1882074,3000000,-1117926,2014
2009-02-04,31451622,10900000,20551622,2009
1990-07-20,53208180,31000000,22208180,1990
2003-04-18,71406573,20000000,51406573,2003
2008-01-20,30600000,20000000,10600000,2008
2016-02-29,34694,8000000,-7965306,2016
2001-12-25,76019048,48000000,28019048,2001
1963-12-05,13475000,4000000,9475000,1963
2012-02-23,136836156,10000000,126836156,2012
2012-03-07,22044277,40000000,-17955723,2012
2017-02-15,3662671,6045750,-2383079,2017
1991-12-20,89325780,20000000,69325780,1991
2014-11-26,42830578,30000000,12830578,2014
2008-10-16,18755936,19000000,-244064,2008
2011-04-08,28013733,49900000,-21886267,2011
2014-12-19,133821816,65000000,68821816,2014
2005-06-01,39053061,25000000,14053061,2005
2016-09-22,5873256,8000000,-2126744,2016
1985-08-02,24922237,9000000,15922237,1985
2004-06-10,102000000,90000000,12000000,2004
1984-03-09,69821334,8000000,61821334,1984
1991-09-20,41895491,24000000,17895491,1991
2011-06-30,75055070,30000000,45055070,2011
2014-09-10,41296320,19800000,21496320,2014
1991-12-27,119418501,11000000,108418501,1991
2009-06-05,68688831,100000000,-31311169,2009
2005-08-05,46720491,10000000,36720491,2005
1998-04-23,58809149,6000000,52809149,1998
2016-04-28,48782670,25000000,23782670,2016
2000-07-27,123307945,84000000,39307945,2000
2010-01-15,66166000,28000000,38166000,2010
1992-03-27,90753806,31000000,59753806,1992
1994-07-01,16671505,50000000,-33328495,1994
2005-04-21,42886719,30000000,12886719,2005
2006-07-21,26888376,5000000,21888376,2006
1993-05-28,20915465,48000000,-27084535,1993
2017-03-23,26800152,25000000,1800152,2017
2013-12-25,44907260,40000000,4907260,2013
2003-05-02,55534455,17000000,38534455,2003
2009-07-30,71585235,75000000,-3414765,2009
2004-12-17,55041367,80000000,-24958633,2004
2019-01-30,87761857,18500000,69261857,2019
2019-07-11,32400000,16000000,16400000,2019
2012-10-17,61319383,61000000,319383,2012
2010-09-23,32054369,20000000,12054369,2010
2002-10-31,172842355,65000000,107842355,2002
1989-07-28,71079915,13000000,58079915,1989
2010-08-18,80547866,20000000,60547866,2010
2017-02-16,41087017,22000000,19087017,2017
2012-06-13,59418613,75000000,-15581387,2012
2011-10-12,26611650,25000000,1611650,2011
2020-01-01,52186426,20000000,32186426,2020
2012-02-23,24159934,35000000,-10840066,2012
1964-10-21,72661442,17000000,55661442,1964
1985-06-21,85313124,17500000,67813124,1985
1996-01-12,20109115,3800000,16309115,1996
1983-08-05,63541777,6200000,57341777,1983
2007-06-15,92601050,28000000,64601050,2007
1996-08-09,58620973,45000000,13620973,1996
2016-06-03,9496130,20000000,-10503870,2016
2005-03-30,33026616,4289601,28737015,2005
2001-10-31,10366360,15300000,-4933640,2001
2021-08-09,144327371,26000000,118327371,2021
2012-01-23,11947954,3000000,8947954,2012
2014-07-02,100525432,20000000,80525432,2014
1997-12-19,122417389,38000000,84417389,1997
2011-02-16,83615414,32000000,51615414,2011
2010-01-29,43042835,55000000,-11957165,2010
2011-11-11,22939027,12000000,10939027,2011
2001-06-01,84772742,22000000,62772742,2001
1987-07-01,25893810,27000000,-1106190,1987
2007-02-10,65125001,17500000,47625001,2007
2019-01-10,125000000,37500000,87500000,2019
1998-06-26,77745966,48000000,29745966,1998
1998-11-25,69131860,90000000,-20868140,1998
2017-09-07,27020284,12000000,15020284,2017
1954-09-10,10000000,2239000,7761000,1954
1995-10-20,2122561,6000000,-3877439,1995
2018-11-22,72282227,16000000,56282227,2018
2011-10-13,24000000,45000000,-21000000,2011
2011-03-30,183953723,63000000,120953723,2011
2002-12-06,55003135,60000000,-4996865,2002
2004-10-15,170128460,50000000,120128460,2004
1983-11-18,20653717,3300000,17353717,1983
2002-07-17,45867333,30000000,15867333,2002
2008-10-03,33556631,9000000,24556631,2008
2017-06-01,125427681,38000000,87427681,2017
2002-12-12,105834556,30000000,75834556,2002
1999-07-23,134400000,75000000,59400000,1999
1982-08-13,27092880,4500000,22592880,1982
1986-03-20,107600000,12000000,95600000,1986
2012-08-15,56012642,25000000,31012642,2012
2007-10-26,68474305,25000000,43474305,2007
1989-02-17,49101993,18000000,31101993,1989
2005-02-04,47175038,15000000,32175038,2005
1934-02-22,4500000,325000,4175000,1934
1926-12-25,1000000,750000,250000,1926
2004-01-28,14054361,17820000,-3765639,2004
2019-10-10,9341824,5000000,4341824,2019
2011-07-07,19560274,6000000,13560274,2011
2013-04-25,21819348,35000000,-13180652,2013
1992-07-16,58662452,40000000,18662452,1992
2012-12-06,2500000,15000000,-12500000,2012
2014-09-25,2379154,5000000,-2620846,2014
2008-04-03,100104565,37000000,63104565,2008
2018-12-21,12780692,39000000,-26219308,2018
2005-08-05,110803676,50000000,60803676,2005
2005-12-22,88933562,70000000,18933562,2005
2007-08-24,47817020,20000000,27817020,2007
2009-09-30,62794894,22700000,40094894,2009
2002-06-19,3897799,5300000,-1402201,2002
2016-04-22,4212494,30000000,-25787506,2016
1993-04-07,34348444,7000000,27348444,1993
1987-04-02,76800000,17000000,59800000,1987
2023-01-04,37846713,50000000,-12153287,2023
1989-08-16,79258538,15000000,64258538,1989
2006-09-22,72778712,11000000,61778712,2006
2002-12-31,33013805,30000000,3013805,2002
2013-01-19,1400000,1500000,-100000,2013
1985-03-27,18432000,20000000,-1568000,1985
1980-07-25,39846344,6000000,33846344,1980
2015-04-03,17287309,10000000,7287309,2015
2018-07-27,28646544,10000000,18646544,2018
1985-08-01,96773200,25000000,71773200,1985
2010-05-07,6149356,967686,5181670,2010
2002-03-01,95146283,17000000,78146283,2002
1984-06-08,20458340,9000000,11458340,1984
2001-11-21,33422806,50000000,-16577194,2001
2009-01-09,2166797,800000,1366797,2009
2010-12-20,93800000,28000000,65800000,2010
1980-09-10,60000000,5000000,55000000,1980
2011-03-25,72526996,21000000,51526996,2011
2021-10-13,11800000,5000000,6800000,2021
1999-07-15,56870414,27000000,29870414,1999
2006-01-18,18381890,35000000,-16618110,2006
2008-11-26,164112721,80000000,84112721,2008
1985-08-23,80000000,1200000,78800000,1985
1986-03-26,54999651,10000000,44999651,1986
2023-04-07,26348156,65000000,-38651844,2023
1996-03-08,185260553,31000000,154260553,1996
1989-12-08,160188546,26000000,134188546,1989
2016-03-30,3400278,10000000,-6599722,2016
1986-02-28,40471663,9000000,31471663,1986
2003-03-14,58795814,28000000,30795814,2003
2007-03-23,95608995,34000000,61608995,2007
1985-03-22,21930418,2200000,19730418,1985
1988-05-19,239606210,14000000,225606210,1988
1991-03-22,78656813,25000000,53656813,1991
2014-03-13,3485127,6000000,-2514873,2014
2005-10-14,52164016,57000000,-4835984,2005
2012-08-16,3325038,2500000,825038,2012
2002-04-12,68696770,43000000,25696770,2002
1996-06-28,113309743,50000000,63309743,1996
2015-04-23,933847,15000000,-14066153,2015
2016-08-03,57814445,30000000,27814445,2016
2012-03-12,123054041,60000000,63054041,2012
2001-02-15,18492362,1200000,17292362,2001
2006-08-04,116476887,51000000,65476887,2006
2007-09-21,13620075,16500000,-2879925,2007
2008-10-03,149281606,20000000,129281606,2008
2016-04-21,20609977,15000000,5609977,2016
1986-12-12,79817939,25000000,54817939,1986
2006-07-15,7385434,15500000,-8114566,2006
2011-05-05,65090821,35000000,30090821,2011
2018-12-28,24420923,10000000,14420923,2018
2008-08-29,14109284,25000000,-10890716,2008
1993-05-02,11285588,13500000,-2214412,1993
1988-07-20,38413606,30000000,8413606,1988
2006-11-02,84500122,12000000,72500122,2006
2004-10-06,71255003,25000000,46255003,2004
2010-09-16,14311701,3200000,11111701,2010
1999-02-12,40263020,35000000,5263020,1999
1993-11-05,10340263,22000000,-11659737,1993
2001-08-10,13596911,75000000,-61403089,2001
1996-02-21,1040879,7000000,-5959121,1996
2013-07-24,3566225,1500000,2066225,2013
2012-05-11,8493728,5000000,3493728,2012
2004-03-25,35492921,35000000,492921,2004
1939-10-19,9600000,1500000,8100000,1939
2008-02-04,32853640,40000000,-7146360,2008
1989-11-17,27100027,13800000,13300027,1989
2018-08-22,27506452,40000000,-12493548,2018
1988-09-13,25024919,17500000,7524919,1988
1993-12-10,48198019,40000000,8198019,1993
2018-05-10,61700416,30000000,31700416,2018
2009-07-30,57881056,45000000,12881056,2009
1994-03-11,2800000,25000000,-22200000,1994
1999-04-23,14902041,25000000,-10097959,1999
2015-06-03,49263404,30000000,19263404,2015
2016-03-23,90632641,18000000,72632641,2016
2017-09-21,123081555,70000000,53081555,2017
2009-08-06,40105542,15000000,25105542,2009
2018-04-07,38600000,24625000,13975000,2018
1970-02-18,81600000,3500000,78100000,1970
1989-07-05,30218387,6500000,23718387,1989
1986-12-05,42724017,15000000,27724017,1986
2012-01-26,36893721,40000000,-3106279,2012
1986-08-01,37962774,37000000,962774,1986
1995-10-20,115101622,30250000,84851622,1995
2014-12-18,5216102,8000000,-2783898,2014
1985-03-01,10631333,15000000,-4368667,1985
1998-02-11,66000000,23030000,42970000,1998
2004-09-13,41512007,31000000,10512007,2004
1995-01-21,32392047,7500000,24892047,1995
1986-02-07,40084041,6400000,33684041,1986
1987-11-27,242780960,11000000,231780960,1987
1994-11-18,9771658,20000000,-10228342,1994
2011-08-18,85564310,27000000,58564310,2011
2017-03-03,5042014,5000000,42014,2017
1982-11-10,21028755,8000000,13028755,1982
1979-12-15,8194857,7202188,992669,1979
2014-10-15,151530,20000000,-19848470,2014
1993-12-14,118243066,15000000,103243066,1993
2000-04-06,6219894,43000000,-36780106,2000
2010-11-09,98017,500000,-401983,2010
2019-11-06,13935410,11000000,2935410,2019
1991-05-23,17218080,65000000,-47781920,1991
1981-07-13,42365581,5000000,37365581,1981
2006-06-28,10890811,7508646,3382165,2006
2006-02-17,48548426,20000000,28548426,2006
2009-12-17,85280250,58000000,27280250,2009
1989-04-14,20036737,16000000,4036737,1989
2010-04-15,49050886,21000000,28050886,2010
2002-03-14,77885672,85000000,-7114328,2002
2010-12-17,48668907,120000000,-71331093,2010
2005-01-20,97918663,32000000,65918663,2005
2008-12-25,39031337,60000000,-20968663,2008
2001-10-12,67631903,75000000,-7368097,2001
2019-12-19,73515024,95000000,-21484976,2019
2005-10-20,12482775,20000000,-7517225,2005
2011-08-26,24816118,5000000,19816118,2011
2008-09-19,27090159,20000000,7090159,2008
2014-01-17,122529966,42000000,80529966,2014
2014-12-18,120000000,13000000,107000000,2014
1995-12-22,10772144,30000000,-19227856,1995
2001-12-21,31155435,12000000,19155435,2001
1989-04-28,78247647,17000000,61247647,1989
1993-11-11,53898845,30000000,23898845,1993
2012-08-02,76196538,22000000,54196538,2012
2016-03-04,23083334,35000000,-11916666,2016
1989-05-12,46908987,18000000,28908987,1989
2000-07-07,110317580,65000000,45317580,2000
1971-10-07,17900000,20000000,-2100000,1971
2002-10-31,51386477,70000000,-18613523,2002
2004-04-07,26155781,40000000,-13844219,2004
1986-12-12,39200000,25000000,14200000,1986
2011-11-04,36192775,19000000,17192775,2011
2016-12-21,311000000,10400000,300600000,2016
1994-02-03,11555430,10000000,1555430,1994
2011-12-09,34942188,25000000,9942188,2011
1997-12-12,10686841,20000000,-9313159,1997
1953-07-14,5300000,2300000,3000000,1953
2005-10-05,11098131,1500000,9598131,2005
2003-06-11,14776760,9500000,5276760,2003
1990-04-05,103738726,47000000,56738726,1990
2017-02-01,34598750,32400000,2198750,2017
2022-09-09,21921551,40000000,-18078449,2022
2017-06-29,34200000,40000000,-5800000,2017
2020-08-27,43387445,18000000,25387445,2020
2005-12-15,92884429,19000000,73884429,2005
1986-04-11,13167232,2000000,11167232,1986
1992-12-10,27281507,12000000,15281507,1992
2005-03-17,27645491,25000000,2645491,2005
2022-09-08,168763270,20000000,148763270,2022
2000-08-11,50054511,50000000,54511,2000
2015-02-20,64780213,36000000,28780213,2015
2022-02-09,44000000,23000000,21000000,2022
1988-12-20,103173635,28000000,75173635,1988
2005-03-25,103121466,35000000,68121466,2005
1990-05-18,138700000,20000000,118700000,1990
1988-05-27,43625095,1800000,41825095,1988
2004-05-07,21289826,30000000,-8710174,2004
1997-12-25,64256513,15000000,49256513,1997
2003-03-28,37713879,52000000,-14286121,2003
2011-08-19,88823111,4478250,84344861,2011
2001-12-21,80936232,25000000,55936232,2001
2005-03-25,61746888,35000000,26746888,2005
1993-07-23,21274717,33000000,-11725283,1993
2004-02-17,29331068,15000000,14331068,2004
2023-06-08,47281670,25000000,22281670,2023
2005-08-12,22400154,22000000,400154,2005
2012-04-27,9206470,5000000,4206470,2012
1972-08-06,18016290,2000000,16016290,1972
2002-08-23,19576023,10000000,9576023,2002
2013-07-20,99067206,5500000,93567206,2013
1987-12-16,80640528,15000000,65640528,1987
2001-03-23,57756408,35000000,22756408,2001
2010-12-17,203509374,80000000,123509374,2010
2009-01-16,117000198,35000000,82000198,2009
1998-10-01,30331165,17000000,13331165,1998
1955-06-03,12000000,1800000,10200000,1955
1992-08-20,205569,33000,172569,1992
2020-08-27,6274027,25000000,-18725973,2020
2007-07-04,69307224,35000000,34307224,2007
1981-06-26,85300000,10000000,75300000,1981
2007-11-03,8742330,7500000,1242330,2007
1992-09-09,105232691,23000000,82232691,1992
2005-03-04,95226116,53000000,42226116,2005
1972-05-25,12600000,3500000,9100000,1972
2012-04-03,50100000,50000000,100000,2012
2021-02-12,431020,5000000,-4568980,2021
2009-07-10,15345201,18000000,-2654799,2009
1997-04-11,31070412,15000000,16070412,1997
1988-12-07,8083123,46630000,-38546877,1988
2012-04-20,96070507,12000000,84070507,2012
2009-09-18,41771168,22000000,19771168,2009
1988-03-25,7179298,700000,6479298,1988
1991-12-12,2015810,3500000,-1484190,1991
2011-01-13,67112664,70000000,-2887336,2011
1992-10-02,50752337,10000000,40752337,1992
1998-01-20,2375097,1500000,875097,1998
2016-12-21,64493915,125000000,-60506085,2016
1975-06-10,20173742,3000000,17173742,1975
1966-07-30,3900000,1377800,2522200,1966
1989-10-13,18254702,19000000,-745298,1989
2019-04-04,26565710,100000000,-73434290,2019
1981-11-13,125728258,4000000,121728258,1981
2005-11-23,72028752,45000000,27028752,2005
2014-07-17,151165787,50000000,101165787,2014
2007-11-09,97838349,100000000,-2161651,2007
1996-07-04,25023434,27000000,-1976566,1996
1994-06-09,126247,10000000,-9873753,1994
1993-10-01,54207,2000000,-1945793,1993
1985-07-25,49364621,17000000,32364621,1985
1990-06-08,153518974,38000000,115518974,1990
1989-03-09,33200000,15000000,18200000,1989
2018-12-25,40462793,42000000,-1537207,2018
2018-09-21,2900000,7000000,-4100000,2018
2003-09-20,58878723,18000000,40878723,2003
1999-08-12,98625775,55000000,43625775,1999
1987-12-16,26713187,22000000,4713187,1987
2001-07-17,138191428,64400000,73791428,2001
2014-03-20,80383290,50000000,30383290,2014
1996-10-04,34585416,26000000,8585416,1996
2015-03-05,14431253,35000000,-20568747,2015
2000-05-12,29000000,73000000,-44000000,2000
2017-05-03,60845711,42000000,18845711,2017
1986-08-22,8025872,4500000,3525872,1986
2005-09-21,67900000,22000000,45900000,2005
1999-08-06,29762011,68000000,-38237989,1999
2003-04-14,39267515,19000000,20267515,2003
1990-07-27,72000000,10000000,62000000,1990
2004-10-22,35060882,60000000,-24939118,2004
1967-12-11,56666667,4000000,52666667,1967
2020-10-21,16955173,9700000,7255173,2020
1955-10-03,7000000,1200000,5800000,1955
2013-09-06,7800000,9500000,-1700000,2013
2002-02-08,52970014,15000000,37970014,2002
2003-08-15,44617342,20000000,24617342,2003
2016-11-01,8750678,12156348,-3405670,2016
1979-12-14,100000000,4000000,96000000,1979
2005-10-07,18637690,3000000,15637690,2005
2010-02-12,8220215,7000000,1220215,2010
2008-08-06,44352417,27000000,17352417,2008
1991-05-17,63710000,35000000,28710000,1991
2002-10-11,41323171,40000000,1323171,2002
2019-01-25,22384741,4000000,18384741,2019
2010-07-23,27293743,15000000,12293743,2010
1992-07-24,16624456,7000000,9624456,1992
2018-01-26,53431158,50000000,3431158,2018
2015-11-12,42426912,17000000,25426912,2015
1993-03-17,42273609,21000000,21273609,1993
2017-02-14,4803565,5400000,-596435,2017
2001-07-27,295206,5000000,-4704794,2001
2017-05-03,42350000,1839169,40510831,2017
2012-08-07,114281051,30000000,84281051,2012
2018-05-18,78720293,10000000,68720293,2018
1998-10-16,2807390,3000000,-192610,1998
2013-10-30,110000000,55000000,55000000,2013
2021-03-25,153000000,45000000,108000000,2021
2011-10-13,8179416,41000000,-32820584,2011
2009-03-18,78176181,60000000,18176181,2009
1981-06-12,31672907,11000000,20672907,1981
1992-04-03,21706101,8000000,13706101,1992
1995-09-22,21284514,20000000,1284514,1995
2016-11-23,24079268,26000000,-1920732,2016
2013-02-14,74597643,40000000,34597643,2013
1985-07-26,40940662,6000000,34940662,1985
2002-06-07,65977295,70000000,-4022705,2002
1994-05-31,11224491,2000000,9224491,1994
1996-09-20,116400000,26000000,90400000,1996
1973-12-17,18344729,2000000,16344729,1973
2011-08-19,3142154,5000000,-1857846,2011
2010-06-03,83761844,50000000,33761844,2010
2008-09-19,41624687,20000000,21624687,2008
2004-11-12,61347797,60000000,1347797,2004
2008-10-02,17286299,27000000,-9713701,2008
1993-01-08,8556940,1000000,7556940,1993
2006-06-25,9524340,6000000,3524340,2006
1989-02-16,75000000,11000000,64000000,1989
1995-11-21,77224232,68000000,9224232,1995
2000-04-28,59468275,83000000,-23531725,2000
2018-04-06,20121318,4920975,15200343,2018
2008-01-18,16174377,5000000,11174377,2008
2011-04-08,48147945,40000000,8147945,2011
1999-04-16,73521587,80000000,-6478413,1999
2020-11-19,679505,5300000,-4620495,2020
1994-10-12,68792531,25000000,43792531,1994
2010-08-27,42045846,32000000,10045846,2010
2005-09-05,3601974,7000000,-3398026,2005
2006-12-13,28041861,10000000,18041861,2006
2017-11-04,27590180,52406,27537774,2017
1968-04-04,2900000,1500000,1400000,1968
2014-07-18,5483299,5500000,-16701,2014
2023-06-28,43716515,70000000,-26283485,2023
1991-06-07,179033791,27000000,152033791,1991
2006-02-01,84,35,49,2006
2009-11-24,96753696,35000000,61753696,2009
2002-01-18,81000000,35000000,46000000,2002
1993-05-07,92000000,28000000,64000000,1993
2019-08-02,15894372,3400000,12494372,2019
2015-07-10,41325328,18000000,23325328,2015
2001-09-04,19334145,57000000,-37665855,2001
2021-08-04,13450000,20400000,-6950000,2021
1983-11-20,108423749,8000000,100423749,1983
2007-09-26,12500000,13442285,-942285,2007
2022-02-01,80340218,10000000,70340218,2022
2008-01-18,2340110,2000000,340110,2008
2015-10-30,41387687,6000000,35387687,2015
2015-02-26,85978266,10000000,75978266,2015
2001-04-10,30987695,17700000,13287695,2001
2005-09-26,1117920,385373,732547,2005
2008-06-20,40854735,62000000,-21145265,2008
2019-04-04,17399000,20000000,-2601000,2019
2007-05-18,24538513,9000000,15538513,2007
2014-04-30,14348529,6000000,8348529,2014
2003-03-07,132675402,20000000,112675402,2003
1971-04-28,11833696,2000000,9833696,1971
1994-02-18,20079850,11500000,8579850,1994
2018-03-15,90497778,59000000,31497778,2018
2023-07-31,172000000,70000000,102000000,2023
1996-10-18,4505922,200000,4305922,1996
2003-05-08,20298207,35000000,-14701793,2003
1967-04-13,41744718,12000000,29744718,1967
1993-05-07,22551000,11000000,11551000,1993
1992-07-10,14110589,30000000,-15889411,1992
1947-06-04,2700000,630000,2070000,1947
2019-03-13,119559110,100000000,19559110,2019
2015-09-02,37461274,8000000,29461274,2015
2006-03-17,65742992,30000000,35742992,2006
1995-11-17,107879496,62000000,45879496,1995
2000-04-27,33771174,15000000,18771174,2000
1994-07-29,37939757,20000000,17939757,1994
2005-02-25,19294901,35000000,-15705099,2005
1977-05-26,126737428,4300000,122437428,1977
2005-04-06,50500000,30000000,20500000,2005
2022-11-25,35602350,25000000,10602350,2022
2010-06-17,3453043,8000000,-4546957,2010
1982-05-21,57059003,35000000,22059003,1982
1970-06-22,5200000,4000000,1200000,1970
2013-03-08,11724119,5000000,6724119,2013
2005-12-21,9995168,15000000,-5004832,2005
2006-01-13,38399961,45000000,-6600039,2006
1987-02-13,42721196,6000000,36721196,1987
1942-03-05,1500000,1200000,300000,1942
2007-08-03,65270477,25000000,40270477,2007
2016-03-23,18552314,25868826,-7316512,2016
1973-05-09,30900000,2500000,28400000,1973
2012-12-19,41863726,40000000,1863726,2012
1982-06-11,15171476,13200000,1971476,1982
2007-09-06,33478921,10000000,23478921,2007
1987-06-05,49998613,10000000,39998613,1987
2004-05-27,49718611,50000000,-281389,2004
1999-04-09,28451622,6500000,21951622,1999
1987-12-18,65088797,25000000,40088797,1987
2021-07-21,19002036,17516235,1485801,2021
2014-08-15,88273,2400000,-2311727,2014
2005-06-15,23727301,13000000,10727301,2005
2008-04-25,64444713,30000000,34444713,2008
2013-06-21,20552094,2000000,18552094,2013
2011-03-04,6928068,19000000,-12071932,2011
2016-07-21,58500000,32000000,26500000,2016
1996-12-15,63118386,12000000,51118386,1996
2019-11-08,69412425,29900000,39512425,2019
1997-05-29,26570463,22000000,4570463,1997
1998-02-05,14051384,28000000,-13948616,1998
2001-04-06,16176732,35000000,-18823268,2001
2007-12-21,18317151,35000000,-16682849,2007
2003-12-10,65784503,55000000,10784503,2003
2009-09-02,16017513,30000000,-13982487,2009
2011-02-02,5468650,8000000,-2531350,2011
1987-08-14,31623833,1800000,29823833,1987
1964-07-07,2360561,560000,1800561,1964
1994-04-13,7820688,13000000,-5179312,1994
2020-01-09,26925979,29000000,-2074021,2020
2015-07-10,924793,100000,824793,2015
1985-05-31,59612888,8000000,51612888,1985
1989-11-15,95904091,15000000,80904091,1989
2002-10-01,8586376,20000000,-11413624,2002
1987-07-01,34368475,7000000,27368475,1987
2023-07-05,36010829,86000000,-49989171,2023
2004-08-20,69631118,19000000,50631118,2004
1979-03-15,15313606,11000000,4313606,1979
1997-01-31,18814720,12716953,6097767,1997
1995-09-13,6700000,15000000,-8300000,1995
1993-12-25,70200000,35100000,35100000,1993
1984-06-29,38435947,6000000,32435947,1984
2003-12-05,8679814,500000,8179814,2003
1992-05-22,40693477,7000000,33693477,1992
2014-03-14,78768613,3000000,75768613,2014
1999-04-30,4152230,25000000,-20847770,1999
2006-04-27,155873,1500000,-1344127,2006
1995-03-12,185898,600000,-414102,1995
2006-01-06,6538177,5000000,1538177,2006
1991-11-01,31347154,6000000,25347154,1991
2010-07-29,112483764,85000000,27483764,2010
2013-03-21,18637201,13000000,5637201,2013
2010-06-16,8929413,17289533,-8360120,2010
1996-05-24,27000000,18000000,9000000,1996
2006-11-22,47231070,51000000,-3768930,2006
2005-05-13,56070433,45000000,11070433,2005
2017-12-21,25601244,25000000,601244,2017
2004-03-12,28818995,26000000,2818995,2004
1978-08-03,16000000,660000,15340000,1978
2002-01-12,16860964,8000000,8860964,2002
2009-02-20,18599102,20000000,-1400898,2009
2001-02-23,18720175,62000000,-43279825,2001
1996-12-06,9800000,20000000,-10200000,1996
2004-01-09,12195626,23000000,-10804374,2004
2011-09-13,4417580,10000000,-5582420,2011
2007-05-01,5254986,12000000,-6745014,2007
1989-07-31,126297830,20000000,106297830,1989
2006-10-06,38528984,12000000,26528984,2006
2014-02-02,15071,6000000,-5984929,2014
2005-01-06,90754475,30000000,60754475,2005
2008-09-09,5530764,20000000,-14469236,2008
1987-06-19,40050884,12000000,28050884,1987
2011-04-01,1248748,3347850,-2099102,2011
2005-10-07,30526509,35000000,-4473491,2005
2003-06-09,51142659,75000000,-23857341,2003
2000-04-14,59945183,30000000,29945183,2000
1987-04-10,110996879,12000000,98996879,1987
2006-08-11,12506188,75600000,-63093812,2006
1997-10-17,116799,1300000,-1183201,1997
1997-02-13,36400360,25000000,11400360,1997
1998-09-11,9898412,30000000,-20101588,1998
1985-12-06,60088980,22000000,38088980,1985
1981-06-19,72179579,18000000,54179579,1981
2001-04-12,39438674,21150000,18288674,2001
1991-07-03,32704700,15000000,17704700,1991
1995-12-15,53672080,58000000,-4327920,1995
1973-05-24,850000,700000,150000,1973
1991-03-29,11336986,6000000,5336986,1991
2022-11-25,71476,100000000,-99928524,2022
1970-12-14,31559552,15000000,16559552,1970
2010-04-30,36236710,35000000,1236710,2010
2000-07-07,2600000,1200000,1400000,2000
2006-04-07,13368437,6500000,6868437,2006
2002-02-15,61141030,12000000,49141030,2002
1980-12-12,49823037,20000000,29823037,1980
1972-12-10,5750000,3500000,2250000,1972
2012-12-12,8109160,12516654,-4407494,2012
2011-05-13,2614773,5000000,-2385227,2011
2017-08-14,39091,3500000,-3460909,2017
1991-08-02,54830779,20000000,34830779,1991
1998-01-30,55494066,25000000,30494066,1998
2001-12-07,12881605,27000000,-14118395,2001
2003-05-02,264349,500000,-235651,2003
1996-08-02,22231658,6000000,16231658,1996
1979-12-14,94900000,35000000,59900000,1979
2009-08-20,295750,10000000,-9704250,2009
2009-10-16,296557,2900000,-2603443,2009
2008-08-20,8762890,15000000,-6237110,2008
1975-05-21,41833347,5000000,36833347,1975
1997-07-18,44480039,25000000,19480039,1997
2007-10-09,7086000,2500000,4586000,2007
2009-09-03,10848783,8000000,2848783,2009
2010-04-16,7022728,10000000,-2977272,2010
2006-10-20,16162580,25000000,-8837420,2006
1967-05-25,30000000,2000000,28000000,1967
2008-09-19,30700000,25000000,5700000,2008
1996-09-06,22611954,25000000,-2388046,1996
2009-06-19,23000000,55000000,-32000000,2009
2019-08-09,18144644,15000000,3144644,2019
1984-02-20,2300000,1500000,800000,1984
2006-03-09,87134280,50000000,37134280,2006
2009-10-28,14000000,33000000,-19000000,2009
1966-07-13,4400000,6400000,-2000000,1966
2023-04-14,10000000,35000000,-25000000,2023
1988-01-15,9205924,6200000,3005924,1988
1990-08-10,57700000,35000000,22700000,1990
1979-06-22,65200000,8000000,57200000,1979
2018-02-14,7362730,10800000,-3437270,2018
1951-09-26,6981000,5635000,1346000,1951
2009-06-05,15779455,17000000,-1220545,2009
1988-07-06,21630088,10000000,11630088,1988
1985-05-22,45833132,20000000,25833132,1985
2015-02-18,10846026,14000000,-3153974,2015
2014-06-20,70181428,24000000,46181428,2014
1998-11-20,100491683,30000000,70491683,1998
1995-10-26,19800000,14000000,5800000,1995
2012-08-10,23000000,10500000,12500000,2012
2000-02-11,45554533,30000000,15554533,2000
1999-08-16,54264342,75000000,-20735658,1999
1998-07-28,7027290,25000000,-17972710,1998
2003-03-21,19526014,30000000,-10473986,2003
1988-06-15,50888000,7000000,43888000,1988
1968-05-16,44527234,1200000,43327234,1968
2012-04-13,54819301,30000000,24819301,2012
2005-12-02,18564702,169000,18395702,2005
1992-06-30,70100000,40000000,30100000,1992
2018-06-27,17665000,19000000,-1335000,2018
1987-08-14,3769990,12000000,-8230010,1987
2002-05-10,31167388,13000000,18167388,2002
2000-01-12,59827328,11000000,48827328,2000
1992-02-28,14358033,40000000,-25641967,1992
2016-05-26,21401949,3000000,18401949,2016
2020-07-29,14871307,4000000,10871307,2020
2009-09-12,44462,3500000,-3455538,2009
1983-09-30,56400000,8000000,48400000,1983
1987-05-01,14000000,3500000,10500000,1987
1970-03-02,5050000,2500000,2550000,1970
1998-04-28,7235,2500000,-2492765,1998
2010-05-21,9322895,10000000,-677105,2010
2011-04-29,13521829,30000000,-16478171,2011
1963-11-07,60000000,9400000,50600000,1963
2012-05-02,9138338,1000000,8138338,2012
1998-01-16,17460020,8000000,9460020,1998
1997-01-16,31987563,55000000,-23012437,1997
2005-09-08,13485145,33000000,-19514855,2005
2007-11-14,374743,17000000,-16625257,2007
2002-10-11,11832822,4000000,7832822,2002
1987-12-11,57915972,14000000,43915972,1987
2006-08-25,19179969,17500000,1679969,2006
2012-12-22,10703234,6843500,3859734,2012
2015-04-23,6485961,20000000,-13514039,2015
1991-10-11,22773535,29000000,-6226465,1991
2012-08-22,14400000,2000000,12400000,2012
1992-12-18,23278931,50000000,-26721069,1992
1986-10-10,41382841,18000000,23382841,1986
1991-08-14,14919570,12000000,2919570,1991
1999-03-12,93888180,75000000,18888180,1999
2008-09-06,14603177,14700000,-96823,2008
1986-02-27,19444631,3000000,16444631,1986
2009-10-21,17854472,27000000,-9145528,2009
1999-01-30,3076820,3000000,76820,1999
2007-05-25,22240529,1500000,20740529,2007
2004-09-21,14793624,45000000,-30206376,2004
1996-07-19,21075014,45000000,-23924986,1996
2010-09-16,50500000,20000000,30500000,2010
2007-06-15,30715465,20000000,10715465,2007
1998-06-12,25605015,10000000,15605015,1998
2015-03-19,10835752,10000000,835752,2015
1988-06-17,43455230,24000000,19455230,1988
2016-12-22,37858128,2000000,35858128,2016
2001-02-09,19351569,22000000,-2648431,2001
1997-04-25,29235353,20000000,9235353,1997
2014-02-14,49002684,12500000,36502684,2014
1997-04-01,29456000,4000000,25456000,1997
2009-09-09,18164139,4000000,14164139,2009
1976-12-15,33833201,6000000,27833201,1976
1997-02-14,42000000,20000000,22000000,1997
2013-08-09,2963902,1000000,1963902,2013
2019-03-01,74747725,20000000,54747725,2019
2021-04-02,31014,250000,-218986,2021
2020-09-16,2044087,4900000,-2855913,2020
1990-03-09,39404261,25000000,14404261,1990
2006-02-10,69834815,50000000,19834815,2006
1988-12-09,13854000,20000000,-6146000,1988
2015-09-11,7002261,28000000,-20997739,2015
1971-09-28,7000,100000,-93000,1971
1996-08-16,53854588,45000000,8854588,1996
1984-05-01,800000,475000,325000,1984
2013-11-14,523511,7000000,-6476489,2013
2022-10-07,104088441,50000000,54088441,2022
2011-09-09,1941667,7000000,-5058333,2011
2019-10-15,1011305,10000000,-8988695,2019
2004-01-23,16980098,17000000,-19902,2004
2002-04-24,16872671,40000000,-23127329,2002
2013-03-28,26433651,2000000,24433651,2013
2005-04-22,36351350,25000000,11351350,2005
2017-10-20,48333932,25000000,23333932,2017
2015-01-29,4541800,1816720,2725080,2015
1952-07-21,3800000,1750000,2050000,1952
2011-03-16,4634062,20000000,-15365938,2011
2008-06-04,276891,6000000,-5723109,2008
1974-05-23,25000000,4000000,21000000,1974
2004-07-14,76341401,9000000,67341401,2004
2002-12-13,57588485,20000000,37588485,2002
2006-10-04,5179037,2000000,3179037,2006
1990-12-14,35419397,31000000,4419397,1990
1988-09-30,5596267,7500000,-1903733,1988
2019-12-26,39273021,2000000,37273021,2019
1968-07-17,1273261,250000,1023261,1968
1988-10-13,12793213,6000000,6793213,1988
1991-04-26,23562716,35000000,-11437284,1991
2015-11-27,14659448,1000000,13659448,2015
2016-11-23,3885342,25000000,-21114658,2016
2007-04-20,17500000,10000000,7500000,2007
2011-03-18,10654385,10831173,-176788,2011
1984-08-15,25308147,9000000,16308147,1984
1990-12-23,29888235,12500000,17388235,1990
2004-07-09,10143022,10000000,143022,2004
1956-10-17,42000000,6000000,36000000,1956
1986-08-21,591366,5000000,-4408634,1986
2019-03-21,4554065,5000000,-445935,2019
1980-12-18,103300000,10000000,93300000,1980
2017-07-26,46372519,30000000,16372519,2017
2012-12-25,119772232,25000000,94772232,2012
2009-01-30,29010817,8000000,21010817,2009
1972-03-17,6000000,12000,5988000,1972
2006-03-16,2636637,13000000,-10363363,2006
2002-08-16,7103973,100000000,-92896027,2002
2021-06-25,937490,6500000,-5562510,2021
1923-04-01,1500000,121000,1379000,1923
1987-03-27,39321715,18000000,21321715,1987
1997-11-14,13801755,20000000,-6198245,1997
2005-12-25,38058335,45000000,-6941665,2005
1997-07-25,23700000,8500000,15200000,1997
2009-08-06,12225023,20000000,-7774977,2009
1990-12-21,15691192,47000000,-31308808,1990
2005-02-25,21577624,40000000,-18422376,2005
2015-07-17,150000000,13000000,137000000,2015
2018-10-05,40000000,4500000,35500000,2018
1995-03-31,4064495,25000000,-20935505,1995
2005-07-21,58405313,30000000,28405313,2005
1997-03-04,59927618,32000000,27927618,1997
1995-01-13,21089146,13000000,8089146,1995
2010-10-29,4791599,10000000,-5208401,2010
2011-10-27,12935800,11000000,1935800,2011
2014-07-17,25312387,18000000,7312387,2014
1995-06-09,8349430,7000000,1349430,1995
2011-04-29,10130000,8000000,2130000,2011
1987-06-23,66673516,20000000,46673516,1987
2000-11-17,103291131,30000000,73291131,2000
1997-12-18,100000000,25000000,75000000,1997
2007-08-08,18197398,6000000,12197398,2007
2003-08-01,7266209,75600000,-68333791,2003
2004-01-21,10100000,5000000,5100000,2004
1997-08-01,23144499,3000000,20144499,1997
2009-10-27,1400000,365000,1035000,2009
1975-04-30,8000000,300000,7700000,1975
2018-04-19,18850674,13500000,5350674,2018
2016-10-27,680351,10000000,-9319649,2016
2002-04-01,77063924,12000000,65063924,2002
2017-05-19,40120144,22000000,18120144,2017
2019-11-07,11620337,15600000,-3979663,2019
2005-05-12,17297244,10000000,7297244,2005
2016-04-15,55030051,20000000,35030051,2016
2008-06-25,64762724,37000000,27762724,2008
2001-10-19,35743308,48000000,-12256692,2001
2003-08-15,6003587,2000000,4003587,2003
2013-07-24,9800000,4000000,5800000,2013
2001-01-18,790144,25697387,-24907243,2001
1994-12-24,26381221,25000000,1381221,1994
2013-08-15,2159041,4900000,-2740959,2013
2011-10-14,29007412,12468389,16539023,2011
2007-01-22,10871449,4913400,5958049,2007
2006-09-07,426224,8000000,-7573776,2006
1984-01-27,10600497,8000000,2600497,1984
2008-03-24,41299492,58000000,-16700508,2008
2005-02-11,52900000,20000000,32900000,2005
1978-12-16,85196485,5000000,80196485,1978
2007-09-14,33683200,22000000,11683200,2007
1934-05-25,1423000,226408,1196592,1934
2007-05-10,25000167,20000000,5000167,2007
2022-09-30,14800000,22000000,-7200000,2022
2006-10-09,42472472,20000000,22472472,2006
1941-11-30,1200000,700000,500000,1941
2009-08-26,9975737,30000000,-20024263,2009
2007-08-03,26000000,20000000,6000000,2007
1976-04-09,7900000,2000000,5900000,1976
2009-06-19,1895782,10000000,-8104218,2009
2019-05-08,4645750,3500000,1145750,2019
2007-01-05,38085778,47000000,-8914222,2007
2010-10-26,8454301,30000000,-21545699,2010
2012-10-24,11417362,14000000,-2582638,2012
1992-08-07,29000301,6500000,22500301,1992
2006-01-26,11502151,2200000,9302151,2006
1994-09-29,15119639,3000000,12119639,1994
2016-10-21,74827344,20000000,54827344,2016
2003-04-25,23014206,15000000,8014206,2003
2008-10-17,6673422,25000000,-18326578,2008
2000-04-07,36609995,24000000,12609995,2000
2023-08-17,32000000,46000000,-14000000,2023
2000-04-21,27728118,20000000,7728118,2000
1986-06-13,91258000,11000000,80258000,1986
1992-06-12,94,26,68,1992
2009-06-10,14751272,3500000,11251272,2009
1980-12-12,101300000,10000000,91300000,1980
2004-05-28,14822346,16000000,-1177654,2004
1996-05-24,5034794,800000,4234794,1996
1985-03-29,27400000,5000000,22400000,1985
1998-07-02,602302,1000000,-397698,1998
1995-10-20,27400000,12000000,15400000,1995
1998-05-29,81471882,30000000,51471882,1998
2000-01-24,26330482,10000000,16330482,2000
1989-09-06,1544973,2800000,-1255027,1989
2016-10-07,23316139,8500000,14816139,2016
1994-07-15,50236831,31000000,19236831,1994
2010-12-17,3604598,7000000,-3395402,2010
1991-06-07,25196249,10000000,15196249,1991
2009-09-13,1034214,9000000,-7965786,2009
2004-04-04,30031874,28000000,2031874,2004
1985-08-07,12952019,8000000,4952019,1985
1998-10-08,12069719,60000000,-47930281,1998
1988-02-26,6671108,2000000,4671108,1988
1981-07-17,95461682,7000000,88461682,1981
1982-04-25,28215453,15000000,13215453,1982
2007-05-11,9576495,24000000,-14423505,2007
2010-07-01,453708,500000,-46292,2010
2015-11-20,38482411,4500000,33982411,2015
1968-09-04,1500000,350000,1150000,1968
2023-01-05,34200000,12300000,21900000,2023
2009-06-05,20455276,17000000,3455276,2009
2017-08-11,65146020,40000000,25146020,2017
2008-03-07,51549674,25000000,26549674,2008
1998-04-24,27007143,13000000,14007143,1998
2000-10-06,5595327,18000000,-12404673,2000
1993-07-30,11585483,20000000,-8414517,1993
1980-09-26,10389003,10000000,389003,1980
1988-04-29,3813293,4500000,-686707,1988
2007-03-28,6463286,5000000,1463286,2007
2001-02-16,71186502,30000000,41186502,2001
2017-03-25,34156960,10778400,23378560,2017
1985-11-22,15057465,12500000,2557465,1985
1991-03-08,65595485,24000000,41595485,1991
2000-10-27,27965865,35000000,-7034135,2000
1999-08-13,4217115,6500000,-2282885,1999
2011-09-16,31410151,24000000,7410151,2011
2001-04-18,14343028,14000000,343028,2001
2000-06-16,20627372,16000000,4627372,2000
1968-09-19,52223306,14000000,38223306,1968
1978-10-25,20424259,1100000,19324259,1978
2002-11-22,33526835,20000000,13526835,2002
2016-05-04,17000172,19201483,-2201311,2016
1963-06-05,25200000,5000000,20200000,1963
2001-03-30,38689940,23000000,15689940,2001
1987-12-16,67330500,20000000,47330500,1987
1987-08-05,65700000,14500000,51200000,1987
2001-02-07,42700000,12560000,30140000,2001
2008-09-26,3982459,3000000,982459,2008
2023-02-09,52000000,45000000,7000000,2023
2016-02-08,553810228,60720000,493090228,2016
1986-06-26,71600000,11000000,60600000,1986
1999-04-23,8408835,33000000,-24591165,1999
1997-08-01,44332015,19000000,25332015,1997
1996-02-16,34327391,31000000,3327391,1996
2014-01-18,1430655,6700000,-5269345,2014
2002-03-29,8382938,55000000,-46617062,2002
2003-09-02,96542059,10000000,86542059,2003
1978-06-28,98800000,15000000,83800000,1978
2013-09-14,265452,12000000,-11734548,2013
1997-12-25,75000000,30000000,45000000,1997
2010-11-05,18124262,8000000,10124262,2010
1975-06-11,9991258,2200000,7791258,1975
1995-12-22,71500000,25000000,46500000,1995
2018-10-03,25498160,18900000,6598160,2018
2014-06-04,12058187,5000000,7058187,2014
2019-04-18,5000000,8000000,-3000000,2019
1999-09-16,4956701,45000000,-40043299,1999
2016-01-22,615816,3500000,-2884184,2016
2009-09-23,77211836,18000000,59211836,2009
1938-09-01,7433101,1644736,5788365,1938
1992-01-15,8332431,10000000,-1667569,1992
1982-05-21,18196170,9000000,9196170,1982
2017-09-29,2963886,3144622,-180736,2017
1999-10-01,22593409,8000000,14593409,1999
1980-10-06,69800000,15000000,54800000,1980
2003-09-24,3432342,8000000,-4567658,2003
1995-02-17,17689177,10000000,7689177,1995
1939-11-23,2279000,1365000,914000,1939
2012-09-08,59520298,11000000,48520298,2012
1989-12-08,15400000,20000000,-4600000,1989
1988-09-17,725131,2000000,-1274869,1988
1996-08-16,5600000,15000000,-9400000,1996
2004-02-27,5001655,8500000,-3498345,2004
2002-05-31,41604473,25000000,16604473,2002
1990-05-03,16324573,3500000,12824573,1990
2015-06-04,7205073,600000,6605073,2015
2000-06-30,35134820,76000000,-40865180,2000
1984-06-27,25500000,8000000,17500000,1984
1987-10-07,26712476,15000000,11712476,1987
2009-03-13,4591629,6000000,-1408371,2009
2022-03-30,11196824,7780000,3416824,2022
1988-09-08,3916303,10000000,-6083697,1988
2010-08-26,156190,2500000,-2343810,2010
2016-11-11,42487325,17000000,25487325,2016
1993-03-05,11081586,19000000,-7918414,1993
1999-03-12,36450736,12000000,24450736,1999
2019-01-25,400900,21000000,-20599100,2019
1961-09-06,100655,160000,-59345,1961
1961-12-15,4000000,3000000,1000000,1961
1999-07-23,10571408,10000000,571408,1999
2017-01-27,254212245,65000000,189212245,2017
1972-03-09,66000000,4000000,62000000,1972
1999-05-14,16071990,11000000,5071990,1999
2002-06-28,15249308,3000000,12249308,2002
2009-03-06,7875862,6000000,1875862,2009
1991-04-19,13878334,6788000,7090334,1991
1996-01-12,13400000,8500000,4900000,1996
1989-03-10,10763469,15000000,-4236531,1989
2004-08-06,22035509,35000000,-12964491,2004
1990-08-24,16247964,9000000,7247964,1990
2022-05-18,2046233,4300000,-2253767,2022
2015-04-08,16294916,37580800,-21285884,2015
1984-11-16,14418922,3000000,11418922,1984
2017-06-24,82264,12840746,-12758482,2017
1969-12-12,33208099,24000000,9208099,1969
1944-11-28,7566000,1707561,5858439,1944
2014-11-03,292092,3500000,-3207908,2014
1981-10-11,5250000,475000,4775000,1981
1997-02-07,11486880,16000000,-4513120,1997
1986-04-23,29844101,18000000,11844101,1986
1990-07-13,15260154,15000000,260154,1990
1991-12-05,2735731,14000000,-11264269,1991
1996-03-29,37956793,39000000,-1043207,1996
1999-11-17,3728888,7000000,-3271112,1999
1978-06-27,45000000,12000000,33000000,1978
2018-06-01,5059608,19000000,-13940392,2018
2006-09-29,17807569,20000000,-2192431,2006
2012-01-31,40924982,25496629,15428353,2012
2016-04-05,4267218,3200000,1067218,2016
2016-01-14,17062499,7000000,10062499,2016
2022-11-01,6667598,14000000,-7332402,2022
2019-09-06,368430,1450000,-1081570,2019
1993-10-01,11146270,30000000,-18853730,1993
2007-11-07,37707444,9100000,28607444,2007
1991-02-15,8479793,40000000,-31520207,1991
2008-09-12,50007546,16000000,34007546,2008
1994-03-04,8009329,26000000,-17990671,1994
1973-12-11,10000000,2300000,7700000,1973
2007-01-24,1045786,10000000,-8954214,2007
2001-04-19,13500000,18000000,-4500000,2001
1997-01-23,9381260,25000000,-15618740,1997
2005-08-30,9950133,10000000,-49867,2005
1992-08-20,33946224,3000000,30946224,1992
1993-07-07,56500758,31000000,25500758,1993
1997-03-07,41230799,28000000,13230799,1997
2007-02-23,11130889,13000000,-1869111,2007
2020-10-14,11208529,13000000,-1791471,2020
2001-01-27,44460850,10000000,34460850,2001
2015-10-22,3020664,15000000,-11979336,2015
1936-09-02,684200,575375,108825,1936
1975-03-23,6900000,400000,6500000,1975
2020-10-29,95384,1700000,-1604616,2020
2011-09-11,3242802,125000,3117802,2011
1999-06-04,4000000,600000,3400000,1999
2007-10-01,173066,1500000,-1326934,2007
2011-07-15,160000000,7700000,152300000,2011
2009-06-02,20543,6000000,-5979457,2009
2008-02-08,179590,3200000,-3020410,2008
2007-09-15,2725258,3800000,-1074742,2007
2003-01-17,17432163,20000000,-2567837,2003
2010-01-14,204940,12000000,-11795060,2010
2005-07-01,16809014,45000000,-28190986,2005
2009-05-09,96008,20000000,-19903992,2009
2015-02-10,24487,26000000,-25975513,2015
2012-11-01,2750275,300000,2450275,2012
1999-08-11,8946237,13000000,-4053763,1999
1987-09-02,3221568,3000000,221568,1987
1996-07-26,4619014,13000000,-8380986,1996
2007-10-18,146741,15000000,-14853259,2007
2013-04-19,11311521,7000000,4311521,2013
1977-12-25,31063038,4015000,27048038,1977
1989-07-21,6157157,5000000,1157157,1989
2001-02-23,5409517,75000000,-69590483,2001
2016-02-04,40075446,13500000,26575446,2016
2000-09-13,22844291,23000000,-155709,2000
1982-08-13,29712172,17000000,12712172,1982
1999-07-14,22300000,24000000,-1700000,1999
1986-08-08,7137503,175000,6962503,1986
1994-11-04,2341309,3500000,-1158691,1994
1980-12-17,70687344,15000000,55687344,1980
1994-03-30,30626182,25000000,5626182,1994
2013-08-08,62000000,18000000,44000000,2013
2007-09-07,346592,5000000,-4653408,2007
2012-09-13,2804874,4437508,-1632634,2012
1994-03-09,11439193,11000000,439193,1994
2020-11-19,11131254,25900000,-14768746,2020
1972-04-12,25000000,850000,24150000,1972
2008-03-28,5788176,6150000,-361824,2008
1993-12-08,6284090,15000000,-8715910,1993
1976-12-03,51079064,6500000,44579064,1976
1958-05-15,13200000,3319355,9880645,1958
1988-10-14,3109904,1200000,1909904,1988
2002-08-23,16930185,29000000,-12069815,2002
1994-03-11,27058304,20000000,7058304,1994
1999-10-14,58900031,50000000,8900031,1999
1999-11-05,36911617,51000000,-14088383,1999
2014-09-10,154701,9700000,-9545299,2014
1989-10-13,18428904,13000000,5428904,1989
2015-03-26,769028,6000000,-5230972,2015
1998-04-17,46905889,15000000,31905889,1998
1989-12-15,14278900,6000000,8278900,1989
1996-11-15,41083864,42000000,-916136,1996
1965-07-01,25333333,12000000,13333333,1965
2019-12-11,6294941,6837995,-543054,2019
1994-04-08,2260622,2000000,260622,1994
2006-12-08,21949234,26000000,-4050766,2006
1957-05-29,2000000,2100000,-100000,1957
2009-08-21,6414729,15000000,-8585271,2009
2009-08-21,28972508,40000000,-11027492,2009
1983-06-24,33759266,6500000,27259266,1983
2022-06-15,2329813,4340000,-2010187,2022
1994-09-10,382928,700000,-317072,1994
2012-08-31,1243961,850000,393961,2012
2012-08-27,37470,4000000,-3962530,2012
2014-05-30,3430018,12700000,-9269982,2014
2009-09-07,5024782,15000000,-9975218,2009
1989-11-17,60864870,30000000,30864870,1989
2015-12-18,61000000,26000000,35000000,2015
2014-03-25,10429707,5000000,5429707,2014
2019-12-04,7201952,13000000,-5798048,2019
2003-06-13,55443032,25000000,30443032,2003
2013-11-06,5586646,5112027,474619,2013
2006-03-04,7314027,17000000,-9685973,2006
1994-06-10,43,40,3,1994
2006-11-17,4630045,4000000,630045,2006
2014-10-17,58293,5000000,-4941707,2014
2007-11-02,9411042,27000000,-17588958,2007
2006-04-21,7978917,634793,7344124,2006
1989-09-01,6706368,160000,6546368,1989
2001-05-31,38400000,60000000,-21600000,2001
1991-02-15,52487045,23000000,29487045,1991
1999-02-11,36850101,65000000,-28149899,1999
2010-10-01,12629471,7200000,5429471,2010
2016-07-08,9420546,60000000,-50579454,2016
1970-06-24,24911670,18000000,6911670,1970
2004-07-23,28283637,57000000,-28716363,2004
1949-11-18,9470000,1728000,7742000,1949
1935-08-29,3202000,609000,2593000,1935
2018-10-31,29152618,19000000,10152618,2018
2008-01-17,69564,11500000,-11430436,2008
1994-06-03,24332324,40000000,-15667676,1994
2016-08-25,1016985,3800000,-2783015,2016
2007-12-17,5410749,38000000,-32589251,2007
2016-04-01,9097072,900000,8197072,2016
2005-10-27,541840,14000000,-13458160,2005
2018-12-27,8769486,8772289,-2803,2018
1992-12-04,83000000,50000000,33000000,1992
2017-06-21,19030780,3000000,16030780,2017
1994-05-06,11798854,20000000,-8201146,1994
2012-03-28,1653792,8000000,-6346208,2012
1976-06-17,36145695,4400000,31745695,1976
1999-10-08,30636478,14000000,16636478,1999
1995-02-16,46576136,12000000,34576136,1995
1976-04-07,42349782,9000000,33349782,1976
2002-04-05,8493890,40000000,-31506110,2002
1981-06-26,31200000,14000000,17200000,1981
1985-04-26,11528900,11500000,28900,1985
1992-09-18,22518097,24000000,-1481903,1992
2002-08-02,43411001,16000000,27411001,2002
1991-07-05,1228108,23000,1205108,1991
2008-11-07,103971,30000000,-29896029,2008
1989-03-17,35150960,8045760,27105200,1989
1937-10-20,3000000,600000,2400000,1937
1997-05-09,35598376,85000000,-49401624,1997
1993-07-09,12741891,7000000,5741891,1993
1990-06-01,205068,2500000,-2294932,1990
2010-07-30,10522511,700000,9822511,2010
1985-11-15,10000000,3200000,6800000,1985
2003-03-28,37788228,35200000,2588228,2003
2002-09-13,4777465,9000000,-4222535,2002
1948-06-15,4812444,800000,4012444,1948
2012-09-04,16722143,5500000,11222143,2012
2006-08-04,16627188,35000000,-18372812,2006
2008-04-28,1296184,5000000,-3703816,2008
2000-01-12,35547761,6000000,29547761,2000
2004-09-12,1914166,15000000,-13085834,2004
1998-09-15,43515982,3000000,40515982,1998
2018-01-18,8475827,8166084,309743,2018
2022-10-12,5175806,4000000,1175806,2022
2000-03-31,9902115,15000000,-5097885,2000
1974-08-21,43008075,2900000,40108075,1974
2008-02-08,43650785,35000000,8650785,2008
2010-09-16,1083683,12500000,-11416317,2010
1998-09-16,3311162,154790,3156372,1998
2018-08-10,6842356,10000000,-3157644,2018
1988-06-17,808114,3000000,-2191886,1988
1989-01-27,40590000,15000000,25590000,1989
2022-05-26,34148750,38000000,-3851250,2022
1992-08-28,35208854,25000000,10208854,1992
2007-06-15,1,5,-4,2007
2012-11-30,8927600,5579750,3347850,2012
1999-11-12,18653615,23000000,-4346385,1999
1980-08-15,66132626,17000000,49132626,1980
2011-02-03,43000000,5650000,37350000,2011
1970-10-29,1500000,10000000,-8500000,1970
2009-06-27,4243957,3000000,1243957,2009
2010-12-09,8786756,1500000,7286756,2010
1995-07-21,1148752,500000,648752,1995
2003-05-23,26800000,40000000,-13200000,2003
1985-02-22,6700000,11400000,-4700000,1985
2002-10-11,598645,10000000,-9401355,2002
1985-03-01,18135531,4500000,13635531,1985
1987-10-09,3685862,6000000,-2314138,1987
2022-07-14,42500000,45000000,-2500000,2022
1959-10-07,18750000,1600000,17150000,1959
1996-07-17,18937262,20000000,-1062738,1996
1982-04-02,14100000,5000000,9100000,1982
2014-03-14,75143,5000000,-4924857,2014
1991-08-02,11657385,18000000,-6342615,1991
2012-01-22,376597,500000,-123403,2012
2007-02-09,3748295,4000000,-251705,2007
2005-07-22,34252847,30000000,4252847,2005
2014-03-07,17000000,1900000,15100000,2014
2014-09-09,7527232,5000000,2527232,2014
1985-07-18,8645411,16000000,-7354589,1985
2018-03-26,8751856,20000000,-11248144,2018
1989-03-10,16300000,16000000,300000,1989
2000-10-31,270813,26000000,-25729187,2000
1999-08-04,27500000,13000000,14500000,1999
2015-07-10,150000000,10000000,140000000,2015
2018-11-23,12496155,5200000,7296155,2018
2013-11-15,71625195,17000000,54625195,2013
2004-12-25,48563556,26000000,22563556,2004
2004-01-20,65070412,18000000,47070412,2004
1990-09-14,39071603,22000000,17071603,1990
2003-04-10,34000000,15000000,19000000,2003
2008-04-11,10569964,7000000,3569964,2008
2018-05-18,38830219,5500000,33330219,2018
1988-12-21,57041866,20000000,37041866,1988
2020-09-09,5460628,5080800,379828,2020
2005-10-21,11588205,10284523,1303682,2005
1988-06-03,25537221,19000000,6537221,1988
2007-10-26,4600000,2300000,2300000,2007
2001-01-24,13276953,11000000,2276953,2001
1987-04-17,18532286,18000000,532286,1987
2016-05-13,920719,8104734,-7184015,2016
2011-09-15,108139,8000000,-7891861,2011
2012-09-21,11620000,2840000,8780000,2012
1985-11-16,2451545,860000,1591545,1985
2005-01-23,28237488,12000000,16237488,2005
1979-05-24,20000000,2300000,17700000,1979
2019-01-23,124652206,8120000,116532206,2019
2016-10-14,23600000,9900000,13700000,2016
1988-08-19,21486757,10000000,11486757,1988
2023-03-08,9693463,13700000,-4006537,2023
2008-08-01,17600000,21000000,-3400000,2008
2018-06-08,2115765,2000000,115765,2018
1986-05-08,1641825,40000000,-38358175,1986
2002-09-20,38068353,10000000,28068353,2002
2013-07-05,600000,300000,300000,2013
2013-05-31,46000000,7700000,38300000,2013
2004-01-30,6808550,50000000,-43191450,2004
1986-01-31,62134225,14000000,48134225,1986
2001-03-30,23430766,11000000,12430766,2001
2015-08-28,8306690,14000000,-5693310,2015
2003-11-20,1277800,500000,777800,2003
2001-09-12,1600000,6000000,-4400000,2001
2007-01-05,10337477,20000000,-9662523,2007
1980-06-11,24265583,6500000,17765583,1980
2009-05-22,31439140,25000000,6439140,2009
1949-12-08,4428000,2133000,2295000,1949
1998-05-15,29202884,30000000,-797116,1998
2001-02-02,13127022,14000000,-872978,2001
1999-10-01,8891623,28000000,-19108377,1999
1987-05-14,10000000,3000000,7000000,1987
1991-05-31,36489888,25000000,11489888,1991
2007-02-23,20342161,10000000,10342161,2007
2011-09-09,2777000,5000000,-2223000,2011
2016-09-12,13203541,5000000,8203541,2016
2004-01-30,819939,850000,-30061,2004
2015-10-05,97798,5000000,-4902202,2015
2012-08-24,587211,587211,0,2012
1996-03-22,14702438,7000000,7702438,1996
2010-03-01,46488,7000000,-6953512,2010
2023-07-26,91000000,157800000,-66800000,2023
2020-07-14,5127426,9466480,-4339054,2020
2006-10-27,6754898,12000000,-5245102,2006
1998-09-11,18253415,20000000,-1746585,1998
1996-08-26,9538948,3500000,6038948,1996
2008-12-05,9582732,8500000,1082732,2008
2002-06-07,73839240,27000000,46839240,2002
1980-07-11,11715321,8000000,3715321,1980
2003-04-16,18750246,6000000,12750246,2003
1999-02-05,4398989,6000000,-1601011,1999
1979-10-05,74865517,7000000,67865517,1979
1969-10-15,31678778,20000000,11678778,1969
2017-12-01,6069605,22000000,-15930395,2017
1988-05-19,1145404,3700000,-2554596,1988
1980-08-14,6342668,3000000,3342668,1980
1995-10-27,284785,800000,-515215,1995
1985-01-18,35000000,5500000,29500000,1985
2012-06-22,1576687,26350000,-24773313,2012
1998-07-10,29967750,20000000,9967750,1998
2015-05-08,771317,447524,323793,2015
2011-12-10,1000000,250000,750000,2011
2005-02-18,32645546,14000000,18645546,2005
1985-03-22,20518905,9000000,11518905,1985
1990-08-03,16153593,10000000,6153593,1990
2002-03-22,12517488,12000000,517488,2002
1990-03-09,26386000,2500000,23886000,1990
1988-02-12,20256975,7000000,13256975,1988
1997-12-11,31611225,35000000,-3388775,1997
2017-10-12,2745966,2000000,745966,2017
1987-11-10,14000,10000000,-9986000,1987
1993-03-01,6933459,1000000,5933459,1993
1955-12-23,6874673,5500000,1374673,1955
1987-08-07,7305209,18500000,-11194791,1987
1963-01-25,1499275,350000,1149275,1963
1988-09-21,1189315,2500000,-1310685,1988
2008-02-01,6964734,20000000,-13035266,2008
1998-08-14,5502773,5000000,502773,1998
2018-06-19,165623,2500000,-2334377,2018
1980-02-11,2500000,900000,1600000,1980
1996-12-13,48102795,40000000,8102795,1996
2014-10-08,1581125,6113859,-4532734,2014
2019-07-31,69501772,10892000,58609772,2019
1936-08-27,2600000,886000,1714000,1936
1956-08-31,7270000,220000,7050000,1956
1982-11-12,2256246,370800,1885446,1982
1983-04-08,17343596,350000,16993596,1983
1989-05-26,12100000,19000000,-6900000,1989
1993-08-27,2438031,25000000,-22561969,1993
2002-03-13,10013424,1000000,9013424,2002
1986-03-28,8200000,6000000,2200000,1986
1999-04-02,29000000,75000000,-46000000,1999
1978-07-14,45000000,5000000,40000000,1978
2015-09-04,26072723,5300000,20772723,2015
1996-10-25,12800000,23000000,-10200000,1996
1994-06-29,61947267,45000000,16947267,1994
1993-07-22,30000000,30000000,0,1993
1982-12-10,47118057,28000000,19118057,1982
2020-01-24,3500000,5000000,-1500000,2020
2002-09-27,146402,4000000,-3853598,2002
1995-06-08,178104,11000000,-10821896,1995
1998-12-30,3970078,20000000,-16029922,1998
2017-02-17,3358085,5000000,-1641915,2017
1986-07-02,38702310,8500000,30202310,1986
1999-05-14,28200000,3800000,24400000,1999
1986-06-18,93151591,40000000,53151591,1986
1953-08-07,3500000,2900000,600000,1953
2009-04-08,9368242,23000000,-13631758,2009
1969-12-16,25800000,3000000,22800000,1969
2017-06-16,7315040,4600000,2715040,2017
2003-06-20,15368897,30000000,-14631103,2003
2008-02-07,22896728,10000000,12896728,2008
1995-02-03,23450000,21000000,2450000,1995
2006-07-06,12671300,8000000,4671300,2006
2006-02-24,57231524,6000000,51231524,2006
2006-10-14,11772461,25000000,-13227539,2006
1975-02-11,60000000,4000000,56000000,1975
1990-10-12,15379253,20000000,-4620747,1990
1983-12-16,13030214,9000000,4030214,1983
2011-05-06,37710610,6600000,31110610,2011
2000-02-11,62464731,13000000,49464731,2000
2018-02-09,23000000,10000000,13000000,2018
1990-07-11,20423389,49000000,-28576611,1990
2016-12-02,12304617,3500000,8804617,2016
2004-10-21,10,6,4,2004
1988-03-25,51684798,20000000,31684798,1988
1994-12-23,11300653,15000000,-3699347,1994
1996-05-09,2503829,3000000,-496171,1996
2012-08-08,20400000,9000000,11400000,2012
2008-09-05,4040588,5000000,-959412,2008
2023-05-04,10000000,9000000,1000000,2023
1991-07-19,4603929,17000000,-12396071,1991
2004-09-02,2085166,2700000,-614834,2004
2022-10-06,5000,1000000,-995000,2022
2017-09-27,4192590,2978000,1214590,2017
2011-08-19,1743743,3100000,-1356257,2011
1988-02-05,16000000,20000000,-4000000,1988
2013-09-27,22456509,8500000,13956509,2013
1970-03-18,5000000,3716946,1283054,1970
1998-05-22,5879254,5000000,879254,1998
2014-08-06,64400000,13000000,51400000,2014
2023-02-13,2600000,5000000,-2400000,2023
1963-08-24,37600000,1000000,36600000,1963
2006-10-02,13401952,4000000,9401952,2006
1989-08-25,793775,7000000,-6206225,1989
2006-09-01,31517561,1800000,29717561,2006
2014-04-17,26033917,25477000,556917,2014
2011-06-03,51917,13000000,-12948083,2011
2001-12-21,24516772,38000000,-13483228,2001
2022-09-04,4717597,7000000,-2282403,2022
1941-01-31,1400000,743000,657000,1941
1986-03-14,36611610,13000000,23611610,1986
2007-08-03,785528,5250000,-4464472,2007
2018-06-05,28645,3000000,-2971355,2018
2015-07-03,71085,2500000,-2428915,2015
2013-02-13,48125,5000000,-4951875,2013
2006-04-28,745327,500000,245327,2006
2005-06-08,351401,6800000,-6448599,2005
2011-09-14,6700000,21000000,-14300000,2011
2017-08-11,13800000,3700000,10100000,2017
2014-10-03,11672363,9272437,2399926,2014
2012-07-05,19450000,5990000,13460000,2012
2002-02-01,6413915,14000000,-7586085,2002
1987-11-20,7900000,3000000,4900000,1987
2001-08-22,19693891,34000000,-14306109,2001
2016-07-29,55000,1250000,-1195000,2016
1987-09-18,13290368,15000000,-1709632,1987
2007-03-07,13196245,11000000,2196245,2007
1986-07-25,52600000,15000000,37600000,1986
2018-01-05,3501037,1705235,1795802,2018
2010-09-12,143485,4000000,-3856515,2010
2019-04-03,3123088,5100000,-1976912,2019
1993-04-02,4300000,10000000,-5700000,1993
1982-07-30,21095683,8100000,12995683,1982
2000-03-03,24362772,25000000,-637228,2000
1997-04-10,861789,786675,75114,1997
2015-08-05,87970000,7528230,80441770,2015
1998-07-24,19000000,10000000,9000000,1998
2001-07-13,5476060,5000000,476060,2001
2005-08-04,33579813,8000000,25579813,2005
2015-05-08,22159216,5500000,16659216,2015
1999-04-15,18535191,14000000,4535191,1999
2004-04-07,31179516,12000000,19179516,2004
2017-06-23,13285512,17000000,-3714488,2017
1970-07-17,40000000,2090000,37910000,1970
1998-05-29,3020601,8000000,-4979399,1998
1988-05-06,3588626,5000000,-1411374,1988
1994-03-18,48400000,6000000,42400000,1994
1997-03-26,3566637,32000000,-28433363,1997
1960-05-19,3750000,2500000,1250000,1960
1984-12-21,17000000,9000000,8000000,1984
2012-06-29,66899242,20000000,46899242,2012
2008-01-21,4886216,9000000,-4113784,2008
2004-09-12,120620,2000000,-1879380,2004
2009-12-31,13565059,2000000,11565059,2009
2009-03-20,8600000,1900000,6700000,2009
1998-05-29,6100000,30000000,-23900000,1998
1988-11-10,13000000,3000000,10000000,1988
2003-09-05,742898,5000000,-4257102,2003
2018-06-29,67414985,21918618,45496367,2018
2012-10-20,1938,1500000,-1498062,2012
1992-03-20,2280148,12000000,-9719852,1992
1984-03-16,14250000,9000000,5250000,1984
1991-10-18,1193062,6000000,-4806938,1991
2017-12-26,15500000,7154497,8345503,2017
2022-09-07,1946816,4500000,-2553184,2022
2018-05-30,2080679,6861490,-4780811,2018
2021-07-14,1453459,16438275,-14984816,2021
2008-10-29,115592,14000000,-13884408,2008
2011-09-09,2500000,10000000,-7500000,2011
1986-08-15,15945534,12000000,3945534,1986
2011-07-01,18035000,4090000,13945000,2011
1998-01-30,1980338,5000000,-3019662,1998
2004-06-15,21800302,30000000,-8199698,2004
1933-03-11,2281000,439000,1842000,1933
2001-11-21,14782676,24000000,-9217324,2001
1967-12-05,9000000,18000000,-9000000,1967
1988-11-11,28202109,6000000,22202109,1988
2019-04-12,11788968,4833490,6955478,2019
1993-08-06,8016708,20000000,-11983292,1993
1984-12-07,38348988,25000000,13348988,1984
1983-07-22,21600000,7000000,14600000,1983
1991-10-04,8000000,11000000,-3000000,1991
2009-12-03,6982465,33000000,-26017535,2009
1997-07-11,8345056,28000000,-19654944,1997
2000-02-16,51880044,60000000,-8119956,2000
1996-05-31,31387164,30000000,1387164,1996
1967-01-05,2000000,3500000,-1500000,1967
1983-08-12,4491986,11000000,-6508014,1983
1993-02-03,1089975,1804296,-714321,1993
2006-11-17,5542025,12000000,-6457975,2006
1996-05-15,7566841,1031764,6535077,1996
2022-01-26,10247262,19597380,-9350118,2022
2016-03-18,18897918,3577143,15320775,2016
2011-08-25,6638849,1130710,5508139,2011
1992-08-14,10736401,25000000,-14263599,1992
2004-02-24,14000000,30000000,-16000000,2004
2012-10-19,13749809,8391922,5357887,2012
1961-12-18,5000000,2900000,2100000,1961
1999-02-26,6852450,6000000,852450,1999
1994-10-28,26000000,25000000,1000000,1994
2010-03-04,12005838,1950000,10055838,2010
1998-08-14,10224116,11000000,-775884,1998
2009-02-18,15016366,12000000,3016366,2009
2001-10-12,23978402,11000000,12978402,2001
2007-02-16,60641,8000000,-7939359,2007
2014-07-25,30312,70000,-39688,2014
2017-08-17,8050806,2740700,5310106,2017
2002-03-08,25482931,14000000,11482931,2002
2000-03-03,15427192,6000000,9427192,2000
1999-03-24,10920544,10000000,920544,1999
1990-08-16,20000000,14000000,6000000,1990
2017-05-19,52390000,3213790,49176210,2017
1994-01-07,21011500,17000000,4011500,1994
2001-03-10,12320393,25000000,-12679607,2001
1965-06-16,29950000,5600000,24350000,1965
2010-09-18,1309580,4000000,-2690420,2010
2012-03-30,2900000,3500000,-600000,2012
2020-10-16,18370,80000,-61630,2020
1989-01-27,870532,3000000,-2129468,1989
1996-08-23,21440752,12000000,9440752,1996
2004-12-01,823258,823258,0,2004
2008-08-28,6265483,7000000,-734517,2008
1997-04-18,3602884,3000000,602884,1997
2006-04-05,3666789,6515167,-2848378,2006
1984-02-17,18644570,9000000,9644570,1984
2010-04-21,7100000,3000000,4100000,2010
2017-10-19,30060061,8250000,21810061,2017
2005-09-14,1410778,90,1410688,2005
1983-08-12,7000000,9000000,-2000000,1983
2000-04-07,12372410,24000000,-11627590,2000
1995-12-22,81452156,16000000,65452156,1995
1986-07-25,8033397,13000000,-4966603,1986
2011-10-26,3265941,12000000,-8734059,2011
1936-12-25,3165000,673000,2492000,1936
1945-08-13,7500000,2600000,4900000,1945
1997-10-30,11000000,1300000,9700000,1997
1999-12-25,8434146,24000000,-15565854,1999
1995-09-15,1275000,2000000,-725000,1995
2021-01-01,27658331,8400000,19258331,2021
2017-06-02,248370,10000000,-9751630,2017
2006-03-31,21170563,20000000,1170563,2006
1940-05-17,2057000,921000,1136000,1940
1972-06-29,2500000,1600000,900000,1972
2009-04-25,100688,10000000,-9899312,2009
1987-05-22,23509382,3000000,20509382,1987
1986-10-24,35000000,4500000,30500000,1986
1997-05-30,19745922,53000000,-33254078,1997
2010-11-12,416498,65000,351498,2010
1986-07-18,4941117,3300000,1641117,1986
2005-09-30,19888231,5473145,14415086,2005
2001-10-05,18634654,25000000,-6365346,2001
1972-06-12,100000000,25000,99975000,1972
1982-07-23,69701637,35000000,34701637,1982
2011-05-04,48000000,3550000,44450000,2011
2015-08-13,82027760,2700000,79327760,2015
2010-06-03,221590,10000000,-9778410,2010
1987-04-10,154323,250000,-95677,1987
2011-07-08,7586448,1483515,6102933,2011
1985-08-16,19875740,10000000,9875740,1985
2015-05-15,7449681,1000000,6449681,2015
2009-10-02,11000000,3000000,8000000,2009
1996-03-01,1614266,25000000,-23385734,1996
1993-09-11,29296,13000000,-12970704,1993
2010-04-02,60072596,20000000,40072596,2010
1939-09-01,2270000,1688000,582000,1939
1939-01-26,2807000,1915000,892000,1939
2009-09-09,32000000,11000000,21000000,2009
2017-08-04,2114260,5200000,-3085740,2017
2020-02-21,10700000,3000000,7700000,2020
1993-04-02,40700000,4000000,36700000,1993
2014-04-17,22414611,4587786,17826825,2014
2011-06-18,30905,930000,-899095,2011
2008-11-13,20000000,10000000,10000000,2008
2008-07-04,11100000,2300000,8800000,2008
1987-05-15,14375181,55000000,-40624819,1987
2011-04-01,65708,25000000,-24934292,2011
1984-01-10,38682707,1200000,37482707,1984
1990-08-03,2900000,225000,2675000,1990
2023-03-29,21826840,30000000,-8173160,2023
2011-04-22,53213633,25000000,28213633,2011
1991-05-17,3752426,13000000,-9247574,1991
1995-12-01,1141556,24000000,-22858444,1995
1979-07-06,9346177,9200000,146177,1979
1999-03-25,21001563,12000000,9001563,1999
2008-02-22,28548025,500000,28048025,2008
2003-08-29,4856298,5000000,-143702,2003
2014-07-25,55000000,22000000,33000000,2014
2017-10-12,8431194,8000000,431194,2017
2011-04-06,13970489,15000000,-1029511,2011
1998-08-21,15064946,14000000,1064946,1998
2016-02-24,3,162297,-162294,2016
2023-01-27,4393504,7500000,-3106496,2023
1981-12-18,29916207,8500000,21416207,1981
1998-10-23,591165,2300000,-1708835,1998
2001-11-23,2025238,6000000,-3974762,2001
1945-07-27,3000000,864000,2136000,1945
2023-04-13,3902761,41000000,-37097239,2023
2007-10-12,55184721,15000000,40184721,2007
2003-08-15,5141166,6000000,-858834,2003
1999-09-01,11263966,34000000,-22736034,1999
1986-10-03,21458229,10000000,11458229,1986
1979-12-21,61801971,12500000,49301971,1979
2013-12-13,53396354,47000000,6396354,2013
1963-06-12,6600000,2686000,3914000,1963
1992-07-24,40227006,17000000,23227006,1992
2006-10-06,3833507,5000000,-1166493,2006
2005-04-29,389866,6000000,-5610134,2005
2008-07-02,17657973,10000000,7657973,2008
1933-05-27,3200000,433000,2767000,1933
2018-03-02,4200000,3900000,300000,2018
1993-06-04,12440858,2000000,10440858,1993
2019-10-17,64648,4500000,-4435352,2019
2002-09-13,14277032,25000000,-10722968,2002
2006-06-24,245000,79000,166000,2006
2000-10-13,13700000,24000000,-10300000,2000
2009-11-25,6593565,8616269,-2022704,2009
2005-09-10,84967,12000000,-11915033,2005
2003-09-17,30238577,15000000,15238577,2003
1996-10-31,8315693,30000000,-21684307,1996
1964-02-08,9400000,1000000,8400000,1964
2000-02-04,1631839,10000000,-8368161,2000
2018-03-23,25629954,2000000,23629954,2018
2012-06-15,73706,65000000,-64926294,2012
2003-10-24,337174,8000000,-7662826,2003
2018-10-19,39000000,4000000,35000000,2018
1984-06-22,6836201,8000000,-1163799,1984
2009-01-21,726936,5000000,-4273064,2009
1999-10-22,34573780,9000000,25573780,1999
1997-09-26,309,15000000,-14999691,1997
2010-03-12,21409028,14000000,7409028,2010
2016-12-23,102205175,50000000,52205175,2016
1996-11-21,285112,3000000,-2714888,1996
2021-02-12,822049668,59000000,763049668,2021
1961-11-22,4200000,2000000,2200000,1961
2017-02-09,1632440,4480000,-2847560,2017
1998-09-18,124494,2000000,-1875506,1998
1988-10-07,21032267,15000000,6032267,1988
2010-03-01,200,200,0,2010
2016-12-28,1453270,7230000,-5776730,2016
2004-10-15,89781,6500000,-6410219,2004
2009-10-10,744816,4500000,-3755184,2009
2022-12-16,21110363,17000000,4110363,2022
2023-06-15,16000000,5000000,11000000,2023
1947-09-01,5550000,1961000,3589000,1947
2019-02-28,242483,2500000,-2257517,2019
1991-08-09,24941969,17010000,7931969,1991
2009-01-18,232732,250000,-17268,2009
2012-05-11,4709246,5000000,-290754,2012
2019-09-04,2536386,5350000,-2813614,2019
1994-04-29,4350774,9000000,-4649226,1994
2021-07-08,3468053,5308245,-1840192,2021
1998-12-31,142783,900000,-757217,1998
2019-09-05,29353057,6825000,22528057,2019
2009-02-06,7600000,1700000,5900000,2009
1991-02-22,9804775,15000000,-5195225,1991
1978-07-28,78000000,6000000,72000000,1978
1996-09-06,49620,2300000,-2250380,1996
1993-03-12,17953778,6000000,11953778,1993
1934-10-12,1800000,520000,1280000,1934
2006-07-14,156318,6000000,-5843682,2006
2007-01-25,508084,15000000,-14491916,2007
2010-04-30,16000000,3800000,12200000,2010
2000-12-07,16350876,1000000,15350876,2000
1991-08-09,5546827,18000000,-12453173,1991
2008-12-17,16680689,67000000,-50319311,2008
2007-04-28,550782,4000000,-3449218,2007
1975-04-26,12000000,120000,11880000,1975
2013-03-28,33000000,1800000,31200000,2013
1996-05-03,5656388,8000000,-2343612,1996
1986-07-29,32324557,12000000,20324557,1986
2007-04-13,5500000,750000,4750000,2007
1955-11-07,3800000,1500000,2300000,1955
1984-07-20,19265302,18000000,1265302,1984
2019-12-27,1489573,1500000,-10427,2019
2021-08-11,17970000,11400000,6570000,2021
2004-12-23,1730000,4000000,-2270000,2004
1999-12-03,1943649,1700000,243649,1999
1956-11-25,8000000,3000000,5000000,1956
2007-02-14,31609243,10000000,21609243,2007
1960-12-18,7100000,3000000,4100000,1960
1998-08-14,37672350,20000000,17672350,1998
1985-03-23,34000000,2000000,32000000,1985
2006-08-25,13022756,26000000,-12977244,2006
1981-11-12,2000000,17000000,-15000000,1981
2011-11-18,355688,4000000,-3644312,2011
2002-10-05,27362712,8000000,19362712,2002
2005-09-12,11718595,3000000,8718595,2005
2023-02-03,29637811,28000000,1637811,2023
1939-11-17,2223000,1107000,1116000,1939
1993-11-19,12974636,6000000,6974636,1993
2021-05-21,6435260,20000000,-13564740,2021
2012-07-13,18000000,5100000,12900000,2012
2009-08-07,1296971,1000000,296971,2009
2002-07-26,18012097,35000000,-16987903,2002
1933-02-09,2200000,200000,2000000,1933
2006-12-01,1751460,8300000,-6548540,2006
1996-03-22,4939939,12000000,-7060061,1996
2001-11-14,10229331,7000000,3229331,2001
2004-07-30,1465134,8000000,-6534866,2004
2006-02-07,113783,3500000,-3386217,2006
1998-05-14,870751,1500000,-629249,1998
2009-11-13,18097,3000000,-2981903,2009
1984-06-22,21435321,28000000,-6564679,1984
2006-02-24,27450189,20000000,7450189,2006
1992-08-14,4836637,17000000,-12163363,1992
1991-04-05,12454768,26000000,-13545232,1991
2012-12-12,208000000,2200000,205800000,2012
1991-10-04,11000863,22000000,-10999137,1991
1981-08-21,26279000,2800000,23479000,1981
1929-05-23,1800000,500000,1300000,1929
1979-06-15,38200000,9000000,29200000,1979
1998-12-18,4374994,2020000,2354994,1998
2018-10-10,1399479,495343,904136,2018
2017-09-29,34500000,10000000,24500000,2017
1994-11-23,29392418,10000000,19392418,1994
1997-05-28,7,3,4,1997
1991-11-21,26055,9000000,-8973945,1991
2013-05-10,5400000,2700000,2700000,2013
1986-04-17,8475466,13000000,-4524534,1986
2002-12-04,1868949,8000000,-6131051,2002
2004-09-03,14339171,18000000,-3660829,2004
2020-09-30,2982559,10854516,-7871957,2020
1998-04-17,3572443,18000000,-14427557,1998
1933-12-22,2156000,435000,1721000,1933
2008-09-05,69497,6000000,-5930503,2008
1937-10-07,1762000,952000,810000,1937
2012-04-05,25097277,6071922,19025355,2012
2023-05-11,27849137,20000000,7849137,2023
1976-02-01,698200,64200,634000,1976
1963-04-04,13100000,5000000,8100000,1963
1990-12-21,6939946,25000000,-18060054,1990
1937-05-07,2168000,991000,1177000,1937
2014-09-23,36026,800000,-763974,2014
1960-07-20,10000000,900000,9100000,1960
1972-01-26,3500000,4895000,-1395000,1972
1976-07-06,1500000,780000,720000,1976
1941-11-21,2301000,821000,1480000,1941
2002-12-30,223426,1000000,-776574,2002
2004-08-25,7725902,10900000,-3174098,2004
2002-08-02,3438804,2000000,1438804,2002
1999-07-23,2049595,450000,1599595,1999
1987-11-20,1988962,8,1988954,1987
1999-07-16,25059640,6000000,19059640,1999
2003-06-12,18000000,4600000,13400000,2003
2003-06-20,4922166,12000000,-7077834,2003
1997-10-10,626057,1500000,-873943,1997
1997-06-20,8000000,3350000,4650000,1997
1991-08-09,8667684,10000000,-1332316,1991
2010-12-12,25030264,5800000,19230264,2010
2013-03-20,81350000,4881000,76469000,2013
1982-08-20,1246141,7000000,-5753859,1982
1969-09-17,30000000,2000000,28000000,1969
1998-11-25,10443316,15000000,-4556684,1998
2004-05-14,12500000,10000000,2500000,2004
2007-08-31,6,4002313,-4002307,2007
1983-04-01,2082215,800000,1282215,1983
2017-09-27,3503943,9850941,-6346998,2017
2009-02-13,10000000,5750000,4250000,2009
2010-08-01,453079,7000000,-6546921,2010
1999-09-01,7292175,7000000,292175,1999
2006-03-30,648183,5000000,-4351817,2006
1979-08-03,15014674,2500000,12514674,1979
2014-08-30,22300000,10500000,11800000,2014
1951-03-08,3900000,1700000,2200000,1951
1987-08-22,1576615,1000000,576615,1987
2020-08-19,2513010,4327440,-1814430,2020
2007-08-24,2200000,9400000,-7200000,2007
2011-02-25,252000,400000,-148000,2011
1989-09-15,117463,5000000,-4882537,1989
2021-06-24,6666618,2000000,4666618,2021
1995-04-28,5093707,6000000,-906293,1995
2010-12-12,621262,100000,521262,2010
2019-12-06,585443,2100000,-1514557,2019
2008-10-03,7000000,20000000,-13000000,2008
1952-05-08,6746000,3005000,3741000,1952
2017-07-14,12500000,19700000,-7200000,2017
2016-11-25,1236731,11800000,-10563269,2016
1992-03-06,3520427,18000000,-14479573,1992
1999-04-23,6552255,30000000,-23447745,1999
2002-07-19,2891288,150000,2741288,2002
1990-02-02,4134992,10000000,-5865008,1990
2009-07-31,20794985,12500000,8294985,2009
1994-04-01,7411659,19000000,-11588341,1994
2002-10-18,1947000,4380750,-2433750,2002
2011-06-10,14166853,20000000,-5833147,2011
2006-03-16,3468423,4500000,-1031577,2006
1948-06-11,2956000,3700000,-744000,1948
2000-05-12,7201701,10000000,-2798299,2000
2009-06-26,48411,6000000,-5951589,2009
1999-08-27,1400000,9000000,-7600000,1999
2015-05-29,1100000,620000,480000,2015
1990-02-09,5585154,1500000,4085154,1990
1944-12-24,2814000,1401000,1413000,1944
2009-08-25,17566040,5000000,12566040,2009
2004-12-17,37493,1400000,-1362507,2004
1984-12-21,26200000,12000000,14200000,1984
1983-12-16,16134627,8000000,8134627,1983
2012-02-14,3216359,6500000,-3283641,2012
2014-11-14,2800000,500000,2300000,2014
2012-06-01,31000000,6700000,24300000,2012
2001-01-12,31600000,24000000,7600000,2001
1947-08-28,2305000,1670000,635000,1947
1999-07-08,9100000,5000000,4100000,1999
2011-06-03,27000000,5800000,21200000,2011
2004-04-16,11341016,20000000,-8658984,2004
2021-06-23,3795575,1400000,2395575,2021
2000-02-01,1744858,1000000,744858,2000
1935-12-25,497000,641000,-144000,1935
2003-08-28,237679,90000,147679,2003
2000-08-06,268117,1500000,-1231883,2000
1990-09-07,1242995,350000,892995,1990
2010-12-29,19010585,3000000,16010585,2010
2012-10-04,13218980,2800000,10418980,2012
2023-08-25,11600000,11300000,300000,2023
1981-12-25,26154211,8000000,18154211,1981
2003-06-06,3031801,4361898,-1330097,2003
2000-08-11,1,4,-3,2000
1996-04-04,34746109,8000000,26746109,1996
2012-11-03,1000000,500000,500000,2012
2007-12-21,55635037,5000000,50635037,2007
1987-09-25,1400000,1100000,300000,1987
2014-08-13,6015494,25000000,-18984506,2014
2008-08-08,25000000,14000000,11000000,2008
1999-04-08,1923918,578034,1345884,1999
1933-10-21,2416000,703000,1713000,1933
1962-06-15,4000000,2000000,2000000,1962
2001-08-31,4186931,250000,3936931,2001
2008-08-15,9600000,2400000,7200000,2008
2003-07-04,308641,15000000,-14691359,2003
2010-09-24,5900000,6400000,-500000,2010
1976-12-08,90000000,400000,89600000,1976
1987-08-07,5669831,12000000,-6330169,1987
1959-03-19,17658000,1250000,16408000,1959
2004-11-03,2107861,4410000,-2302139,2004
1997-07-18,12000000,2700000,9300000,1997
1974-08-12,4600000,980000,3620000,1974
2015-12-02,1500000,450000,1050000,2015
2011-05-20,7200000,1400000,5800000,2011
2009-09-25,1429299,7000000,-5570701,2009
2018-08-03,3489863,3038109,451754,2018
1996-10-31,33000000,5000000,28000000,1996
2001-09-07,22390000,13000000,9390000,2001
2007-04-06,265198,2000000,-1734802,2007
2014-05-01,13969785,2300000,11669785,2014
2011-12-02,17000000,2600000,14400000,2011
1986-07-11,12308521,15000000,-2691479,1986
2010-06-30,12000000,4400000,7600000,2010
1953-08-01,2616000,724805,1891195,1953
1998-03-27,4562146,24000000,-19437854,1998
2009-04-23,36857,6000000,-5963143,2009
1967-03-15,11000000,3775000,7225000,1967
2019-04-11,3882729,9000000,-5117271,2019
1996-01-26,2042530,15000000,-12957470,1996
1965-06-23,4000000,7000000,-3000000,1965
2015-03-07,32700000,46597700,-13897700,2015
1998-02-04,4710749,5000000,-289251,1998
1989-04-21,3077361,18000000,-14922639,1989
2008-11-28,1700000,1400000,300000,2008
2011-07-15,89182,5500000,-5410818,2011
1976-04-23,24854765,5000000,19854765,1976
1993-09-17,2850263,2600000,250263,1993
1997-08-22,302204,3000000,-2697796,1997
2016-02-11,11600000,6000000,5600000,2016
1991-08-28,115103,1400000,-1284897,1991
2020-01-12,28859072,14000000,14859072,2020
1990-04-27,15369573,3000000,12369573,1990
1986-08-29,2315683,17000000,-14684317,1986
2005-06-03,2424174,5600000,-3175826,2005
1988-08-05,1883811,1884000,-189,1988
1964-10-12,13298000,20000000,-6702000,1964
1993-09-10,1044824,11000000,-9955176,1993
2002-10-18,7700000,3000000,4700000,2002
2007-02-01,18873863,5833536,13040327,2007
1995-01-06,26325256,10500000,15825256,1995
1991-02-22,9563393,3000000,6563393,1991
2002-06-30,563711,4000000,-3436289,2002
1969-02-25,20000000,8000000,12000000,1969
2015-12-17,8521017,7000000,1521017,2015
1998-04-08,23261485,4500000,18761485,1998
2003-12-10,1033000,3500000,-2467000,2003
1983-05-06,10375893,8000000,2375893,1983
2004-11-21,10467048,4277280,6189768,2004
1950-05-01,8000000,3768785,4231215,1950
2005-07-28,2985837,2600000,385837,2005
2006-03-01,11935024,4494427,7440597,2006
2006-02-17,3004541,3500000,-495459,2006
1960-03-31,5150000,1775000,3375000,1960
1986-12-23,6025330,1721522,4303808,1986
1997-03-28,7240837,10000000,-2759163,1997
1989-05-05,62405000,49200000,13205000,1989
2014-06-27,23000000,5900000,17100000,2014
2009-11-27,9000000,8000000,1000000,2009
1978-04-23,19703082,1180000,18523082,1978
1993-11-05,1703282,12000000,-10296718,1993
2010-11-05,5000000,10000000,-5000000,2010
2008-04-25,53760,2000000,-1946240,2008
1999-05-28,2200000,5400000,-3200000,1999
1993-05-21,3411885,8030000,-4618115,1993
2006-06-27,25900,5000000,-4974100,2006
2001-04-27,10372291,90000000,-79627709,2001
1977-03-18,13600000,4500000,9100000,1977
1988-03-05,9129999,18000000,-8870001,1988
1975-09-07,214600,65700,148900,1975
1936-02-20,2727000,747000,1980000,1936
2014-03-21,1064454,10000000,-8935546,2014
2010-09-24,636706,2000000,-1363294,2010
1998-05-08,10000000,4500000,5500000,1998
2008-12-12,694782,40000000,-39305218,2008
1960-05-24,8000000,151000,7849000,1960
2008-08-22,11767866,23000000,-11232134,2008
2005-01-24,410602,2500000,-2089398,2005
1978-05-24,24000000,2515000,21485000,1978
2017-08-31,8838757,3425875,5412882,2017
2019-06-28,3262957,8250378,-4987421,2019
2010-08-13,6900000,2270000,4630000,2010
1972-06-21,102433,150000,-47567,1972
1996-08-08,2491989,25000000,-22508011,1996
1997-06-06,10113400,25000000,-14886600,1997
2009-04-03,18000000,3230939,14769061,2009
1999-09-05,1300000,2500000,-1200000,1999
1924-04-20,1550000,400000,1150000,1924
2009-10-29,3004329,2000000,1004329,2009
1984-01-13,20307325,4506756,15800569,1984
1985-12-25,30867525,13000000,17867525,1985
1973-08-08,1500000,950000,550000,1973
1991-12-07,152322,400000,-247678,1991
2006-09-15,472185,2800000,-2327815,2006
1955-08-30,2374000,2771000,-397000,1955
2016-04-01,15480000,3000000,12480000,2016
2000-03-31,299792,13000000,-12700208,2000
2014-10-17,3790114,6443990,-2653876,2014
2016-02-05,2292774,594667,1698107,2016
2021-08-27,1163538,3404274,-2240736,2021
2011-09-09,18050000,5510000,12540000,2011
2006-06-29,300000,2000000,-1700000,2006
1979-06-27,20931111,5450000,15481111,1979
2004-09-24,2043067,3648751,-1605684,2004
2010-01-20,22212223,2000000,20212223,2010
1999-01-01,292151,10000000,-9707849,1999
2013-01-03,1417453,1750000,-332547,2013
1987-12-18,4600000,24000000,-19400000,1987
2012-12-19,16786016,16,16786000,2012
2009-01-01,6783,1500000,-1493217,2009
1980-06-06,4865000,5500000,-635000,1980
1940-12-28,659600,269062,390538,1940
2008-06-18,2180120,5105644,-2925524,2008
2009-01-15,17000000,12000000,5000000,2009
1992-08-14,692585,20000,672585,1992
2006-04-07,7301115,3000000,4301115,2006
2012-07-06,17,12,5,2012
2018-03-23,95589,441755,-346166,2018
2013-05-01,12000000,310000,11690000,2013
2014-07-18,7700000,1100000,6600000,2014
1996-01-24,12643776,6000000,6643776,1996
1997-03-14,12782749,10000000,2782749,1997
1980-01-01,243000,85000,158000,1980
2010-10-09,486756,4364700,-3877944,2010
2001-11-23,2402459,1000000,1402459,2001
2014-05-29,319180,2000000,-1680820,2014
1983-03-04,3952448,300000,3652448,1983
2015-12-03,82392,1016549,-934157,2015
2005-08-26,14000000,3500000,10500000,2005
1938-09-02,1731000,1253000,478000,1938
2015-06-13,21000000,3000000,18000000,2015
1999-09-10,2924635,4000000,-1075365,1999
2010-05-28,9700000,2200000,7500000,2010
1995-06-09,472370,150000,322370,1995
1996-09-13,660313,5000000,-4339687,1996
2012-10-19,2800000,240000,2560000,2012
2008-07-18,11000000,4180000,6820000,2008
2013-06-14,5200000,2200000,3000000,2013
2007-06-05,1431983,1700000,-268017,2007
2001-01-18,595005,5250000,-4654995,2001
1993-09-03,2570145,13000000,-10429855,1993
2006-09-20,6073724,10107727,-4034003,2006
2020-01-15,8300000,8100000,200000,2020
2014-03-21,187000,800000,-613000,2014
2006-06-06,1029926,1500000,-470074,2006
2019-05-17,310827,25000,285827,2019
2009-01-30,3000000,2300000,700000,2009
1982-07-16,30688860,7500000,23188860,1982
1949-05-04,1500000,500000,1000000,1949
1992-09-23,13300000,43000000,-29700000,1992
2010-04-07,300849,1600000,-1299151,2010
1951-08-15,2000000,1825000,175000,1951
2012-09-07,3423685,2000000,1423685,2012
2000-08-18,38251106,13000000,25251106,2000
2020-08-05,8859185,6438600,2420585,2020
1978-05-10,45000000,3000000,42000000,1978
2010-01-14,48298,1089360,-1041062,2010
2016-12-09,9600000,15500000,-5900000,2016
1939-06-30,1975000,509000,1466000,1939
2008-01-01,2030916,30000000,-27969084,2008
1989-02-10,22030000,13000000,9030000,1989
2001-03-30,5900000,5200000,700000,2001
2003-08-22,1675706,20000000,-18324294,2003
2004-10-01,28000000,2224000,25776000,2004
1972-01-01,5000000,500000,4500000,1972
2004-08-27,152547,11500000,-11347453,2004
2000-03-01,9000000,6000000,3000000,2000
2004-01-09,18490423,12000000,6490423,2004
1984-05-04,7100000,1995000,5105000,1984
2003-03-28,6890947,3558303,3332644,2003
1991-05-03,10400000,8000000,2400000,1991
1988-08-26,6436211,9000000,-2563789,1988
2010-07-23,10000000,7500000,2500000,2010
1996-10-16,2300000,15400000,-13100000,1996
2009-03-05,9112193,3500000,5612193,2009
2017-03-03,3100000,610000,2490000,2017
1938-05-13,1206000,703000,503000,1938
1989-10-20,11604598,8500000,3104598,1989
1998-08-07,45724,1000000,-954276,1998
2001-09-12,252706,9000000,-8747294,2001
2011-04-08,4100000,13100000,-9000000,2011
2008-02-13,354628,3500000,-3145372,2008
2014-02-07,1500000,220000,1280000,2014
2017-02-16,4781454,707503,4073951,2017
1967-03-09,2500000,3500000,-1000000,1967
1981-08-06,9566593,6000000,3566593,1981
1981-05-22,31300000,11000000,20300000,1981
1995-07-21,851545,4000000,-3148455,1995
1980-05-18,10000000,2500000,7500000,1980
1953-04-06,1250000,762446,487554,1953
2005-04-22,4139856,15000000,-10860144,2005
1975-06-25,13000000,750000,12250000,1975
1992-09-04,1659542,11000000,-9340458,1992
1998-05-27,150000,10000,140000,1998
2020-01-02,351500,344000,7500,2020
2000-12-31,240093,1900000,-1659907,2000
1998-10-30,12902790,12000000,902790,1998
2007-05-23,907456,4000000,-3092544,2007
2012-06-26,500000,500000,0,2012
2010-01-29,111731,3800000,-3688269,2010
2010-02-26,5400000,2100000,3300000,2010
1998-11-25,9247881,3500000,5747881,1998
1942-12-25,3453416,904765,2548651,1942
2012-11-13,2200000,4300000,-2100000,2012
2021-12-23,29694624,7000000,22694624,2021
2007-09-28,18479,1000000,-981521,2007
2007-01-26,4300000,5100000,-800000,2007
1935-08-23,770000,342000,428000,1935
1949-01-01,4421000,2250000,2171000,1949
2004-05-19,5290177,23000000,-17709823,2004
2017-01-31,15000000,1000000,14000000,2017
2009-10-16,2149113,2000000,149113,2009
1996-03-08,2420162,5000000,-2579838,1996
1966-06-15,2500000,2000000,500000,1966
2014-10-10,25480,650000,-624520,2014
2020-01-23,5000,5000,0,2020
1999-11-24,1281176,312000,969176,1999
2017-07-20,6600,103,6497,2017
2005-04-22,903391,2000000,-1096609,2005
2008-09-18,9713500,3000000,6713500,2008
1994-04-29,3134081,13000000,-9865919,1994
1987-02-06,9518342,9000000,518342,1987
1933-10-06,2850000,225000,2625000,1933
2016-02-04,2500000,300000,2200000,2016
1982-12-17,36800000,15000000,21800000,1982
2008-01-30,1500000,560000,940000,2008
1998-02-20,45779,10000000,-9954221,1998
2005-12-16,7133082,1823152,5309930,2005
2003-04-10,7888102,400000,7488102,2003
2013-03-29,6800000,9500000,-2700000,2013
2011-03-17,11840661,5000000,6840661,2011
2007-10-20,272371,2800000,-2527629,2007
1976-04-01,4120000,4590000,-470000,1976
2017-01-06,9072414,3912363,5160051,2017
2013-01-10,8100000,6500000,1600000,2013
2018-01-18,8351526,7000000,1351526,2018
2010-10-19,3867000,3837625,29375,2010
2010-11-25,427628,2600000,-2172372,2010
2003-08-29,2028752,2223967,-195215,2003
2002-08-21,984936,984936,0,2002
2014-12-25,12848123,2426950,10421173,2014
1983-12-18,11000000,19000000,-8000000,1983
2007-04-13,400000,2100000,-1700000,2007
2017-08-17,6143216,686410,5456806,2017
1987-09-18,858250,5000000,-4141750,1987
2017-09-01,2157136,1350000,807136,2017
2005-01-02,12762,1700000,-1687238,2005
1992-01-08,904,300000,-299096,1992
1997-08-09,206272,250000,-43728,1997
1986-07-20,2459000,640000,1819000,1986
1967-05-28,1950000,2000000,-50000,1967
2014-10-10,2200510,4700000,-2499490,2014
2017-01-19,6000000,1000000,5000000,2017
2005-12-30,2411594,2196531,215063,2005
2021-11-11,132326332,40000000,92326332,2021
2015-03-27,4700000,670000,4030000,2015
1942-08-07,1040000,322000,718000,1942
2022-08-04,13071438,17000000,-3928562,2022
1985-05-09,31430,31430,0,1985
2016-05-19,2800000,3300000,-500000,2016
1986-09-07,194300,44350,149950,1986
2015-02-05,276792,2000000,-1723208,2015
2011-11-03,517069,3500000,-2982931,2011
2004-09-03,12009070,16000000,-3990930,2004
2001-10-26,6718,4000000,-3993282,2001
1985-10-25,11000000,3000000,8000000,1985
1999-06-04,100590,2000000,-1899410,1999
1982-04-02,23671186,8000000,15671186,1982
2016-11-10,1237319,900000,337319,2016
2014-01-10,19000000,5900000,13100000,2014
2004-01-16,6491969,10000000,-3508031,2004
1967-01-01,5000000,3325000,1675000,1967
1933-11-24,2400000,923055,1476945,1933
2014-01-01,5279982,3000000,2279982,2014
1995-05-12,2832826,11000000,-8167174,1995
1963-08-07,2300000,300000,2000000,1963
2010-06-04,33042,5000000,-4966958,2010
1970-06-24,3000000,5000000,-2000000,1970
2017-08-10,6543075,1900000,4643075,2017
2016-03-13,230069,2500000,-2269931,2016
1996-09-11,29090,350000,-320910,1996
2010-09-10,1120000,385320,734680,2010
2015-07-16,1249176,1368070,-118894,2015
2000-01-28,3003296,36000000,-32996704,2000
1991-02-01,612781,12000000,-11387219,1991
2013-09-13,19000000,4900000,14100000,2013
1960-07-21,2750000,1357000,1393000,1960
1983-04-03,1867792,3000000,-1132208,1983
2004-05-14,10057021,1500000,8557021,2004
1998-05-08,8026971,13000000,-4973029,1998
2005-08-26,1046166,9000000,-7953834,2005
1980-06-19,16656125,14000000,2656125,1980
2015-02-13,8200000,5200000,3000000,2015
2007-11-16,706000,9000000,-8294000,2007
1937-11-19,1465000,1035000,430000,1937
1996-01-22,431326,500000,-68674,1996
2004-07-23,33700,2000000,-1966300,2004
1996-11-15,219449,4000000,-3780551,1996
2003-02-05,8785730,12440560,-3654830,2003
2005-11-25,1720953,750000,970953,2005
2003-05-17,59466,3000000,-2940534,2003
1943-09-25,3621000,1568000,2053000,1943
2008-12-04,3877492,3200000,677492,2008
2020-02-07,4139731,587640,3552091,2020
2009-02-27,659483,1100000,-440517,2009
2010-01-08,2700000,5600000,-2900000,2010
1990-11-08,485772,5000000,-4514228,1990
1999-09-15,929606,10000000,-9070394,1999
2000-03-09,146193,16000000,-15853807,2000
2011-03-18,5012245,950000,4062245,2011
2008-10-24,1100000,7000000,-5900000,2008
2016-07-29,5500000,200000,5300000,2016
2018-06-01,19700000,6800000,12900000,2018
2017-10-28,8220990,6000000,2220990,2017
2005-06-17,24000,3000,21000,2005
2012-01-25,10365684,8000000,2365684,2012
1997-05-30,3525125,1000000,2525125,1997
2013-07-19,7300000,4600000,2700000,2013
2012-01-26,196908,1000000,-803092,2012
2016-10-21,2300000,450000,1850000,2016
1967-12-22,10000000,4000000,6000000,1967
2011-01-28,5700000,2600000,3100000,2011
2022-11-25,10911075,7350000,3561075,2022
2008-12-23,17850711,3000000,14850711,2008
2015-06-26,1400000,620000,780000,2015
1960-12-28,3500000,2000000,1500000,1960
2018-12-07,12000000,3000000,9000000,2018
1935-11-15,620000,354000,266000,1935
1944-06-27,6892000,2361000,4531000,1944
2009-05-14,208867,100000,108867,2009
1991-09-15,700000,18000,682000,1991
2016-02-18,10147,30000,-19853,2016
2013-06-28,5300000,4100000,1200000,2013
1941-05-23,2000000,889900,1110100,1941
2009-10-16,9069,10000000,-9990931,2009
2012-11-30,885000,120000,765000,2012
2014-06-05,3,750000,-749997,2014
2001-03-01,4810190,2498210,2311980,2001
1997-07-18,1918497,740000,1178497,1997
2014-09-25,3700000,420000,3280000,2014
2005-12-23,4308390,2721088,1587302,2005
2002-03-22,163348,1800000,-1636652,2002
1948-06-25,3225000,2532000,693000,1948
2008-10-16,8623057,5000000,3623057,2008
2011-06-10,1040344,780000,260344,2011
1997-09-17,458815,2000000,-1541185,1997
2010-06-05,1950000,250000,1700000,2010
2012-03-15,9938268,4000000,5938268,2012
2012-10-12,2500000,1200000,1300000,2012
1979-09-07,425000,98000,327000,1979
2011-12-17,378187,1490000,-1111813,2011
1993-04-08,20,5444534,-5444514,1993
2008-06-26,162256,7000000,-6837744,2008
1992-08-21,3721911,13000000,-9278089,1992
2014-06-18,92500,1250000,-1157500,2014
1965-06-30,5000000,1500000,3500000,1965
1949-08-01,2713000,1452000,1261000,1949
2013-07-03,4500000,2300000,2200000,2013
2017-05-19,3200000,700000,2500000,2017
2005-03-04,2400000,1500000,900000,2005
2002-09-20,4245870,7500000,-3254130,2002
1965-12-15,3100000,2400000,700000,1965
1984-02-17,129268,12000000,-11870732,1984
2017-07-20,7000000,2100000,4900000,2017
1965-12-22,8000000,3890000,4110000,1965
2018-06-01,100000000,1000000,99000000,2018
2010-04-16,1891264,1400000,491264,2010
2019-06-20,12000000,2869666,9130334,2019
2013-12-17,7471304,3849796,3621508,2013
1943-03-02,3900000,1000000,2900000,1943
2005-01-21,245000,250000,-5000,2005
2004-02-06,16201,700000,-683799,2004
2007-02-23,2500000,1400000,1100000,2007
2004-08-14,10000000,3000000,7000000,2004
2009-03-25,1220709,5729000,-4508291,2009
1981-07-31,2297493,20000000,-17702507,1981
1994-09-23,70936,15000000,-14929064,1994
2014-08-21,179000,3500000,-3321000,2014
2007-02-08,6699197,5621000,1078197,2007
2005-02-18,20149,750000,-729851,2005
2016-12-30,7033500,562680,6470820,2016
2002-02-22,1500000,4000000,-2500000,2002
2009-08-09,6812530,7000000,-187470,2009
1988-04-15,289323,7500000,-7210677,1988
2010-10-08,20776,6000000,-5979224,2010
2022-08-12,8824658,2450634,6374024,2022
2006-12-07,273318,2137345,-1864027,2006
2013-04-05,5500000,37000000,-31500000,2013
2014-07-28,4500000,1500000,3000000,2014
2009-01-01,11276,500000,-488724,2009
1989-11-03,43671,4000000,-3956329,1989
1991-09-11,2059832,14000000,-11940168,1991
2007-05-04,72348,125000,-52652,2007
2010-12-25,2100000,520000,1580000,2010
2011-01-19,9816332,6500000,3316332,2011
1996-04-03,2104439,13000000,-10895561,1996
1947-04-04,2365000,1167500,1197500,1947
2007-04-19,814790,1000000,-185210,2007
1995-03-03,12400000,22000000,-9600000,1995
2009-04-01,3300000,660000,2640000,2009
1975-03-01,1500000,6000000,-4500000,1975
1995-04-23,389503,4000000,-3610497,1995
1982-12-10,2091037,5000000,-2908963,1982
1938-07-22,2247000,212000,2035000,1938
2005-08-01,4280982,4250000,30982,2005
2015-04-09,10,800,-790,2015
1994-01-28,1238080,10700000,-9461920,1994
2012-03-17,3260000,453500,2806500,2012
1981-02-05,1400000,300000,1100000,1981
1942-05-01,515000,250000,265000,1942
2005-09-01,16344,2000000,-1983656,2005
2007-03-23,14487294,2100000,12387294,2007
2007-01-21,52868,500000,-447132,2007
2014-02-27,4864560,2153912,2710648,2014
2017-04-21,2000000,550000,1450000,2017
1994-11-25,250993,8500000,-8249007,1994
2002-02-09,2700000,710000,1990000,2002
1936-04-03,359009,289696,69313,1936
2018-07-20,3062477,1500000,1562477,2018
2010-08-05,5850000,2745000,3105000,2010
2011-09-08,8000000,2000000,6000000,2011
2018-10-26,100000,11000,89000,2018
2023-03-10,102500000,14506629,87993371,2023
2017-07-14,2200000,625000,1575000,2017
1937-10-08,1200000,960000,240000,1937
2018-09-21,9600000,7100000,2500000,2018
2012-12-27,11666088,2000000,9666088,2012
2007-05-11,4400000,3900000,500000,2007
2010-12-09,3890000,700000,3190000,2010
2013-01-25,193081,1500000,-1306919,2013
2007-04-27,3800000,470000,3330000,2007
1995-09-29,6278139,25000000,-18721861,1995
2001-10-14,23000,15000000,-14977000,2001
1943-07-13,2185000,871000,1314000,1943
1967-08-22,1200000,384500,815500,1967
1980-01-30,49000000,3400000,45600000,1980
1975-10-11,11800000,70000,11730000,1975
2013-08-16,11074988,2500803,8574185,2013
2019-02-06,24743,16800000,-16775257,2019
2005-06-29,2733118,2187279,545839,2005
1989-05-15,67878,16000000,-15932122,1989
2012-05-11,16000000,7000000,9000000,2012
2015-10-22,3129507,1211360,1918147,2015
2016-06-02,189432924,87933055,101499869,2016
1981-12-18,2154696,12000000,-9845304,1981
2011-12-20,2372984,2700000,-327016,2011
2020-01-16,8613317,1839363,6773954,2020
2017-06-23,230258,11203,219055,2017
2016-07-07,506588,1746706,-1240118,2016
2009-04-16,169466,3500000,-3330534,2009
1934-02-14,965000,317000,648000,1934
1998-03-22,27,50000,-49973,1998
1935-04-19,831000,280000,551000,1935
2000-12-15,24,25,-1,2000
1985-10-04,660537,3400000,-2739463,1985
2006-11-23,1328612,800000,528612,2006
2002-08-01,19184015,3000000,16184015,2002
1948-04-06,834332,784170,50162,1948
1918-08-01,8000000,250000,7750000,1918
1926-12-23,1250000,433000,817000,1926
1957-12-16,8000000,450000,7550000,1957
2006-04-07,3500000,590000,2910000,2006
2011-10-14,134906,73476,61430,2011
2013-05-01,4200000,700000,3500000,2013
2009-05-15,6600000,3000000,3600000,2009
2017-01-20,6300000,1300000,5000000,2017
2010-10-17,10000,10,9990,2010
2014-06-26,2,3,-1,2014
2014-01-22,354877,70000,284877,2014
2011-10-06,7100000,6500000,600000,2011
1985-09-04,176000,65000,111000,1985
1977-04-01,1500000,4000000,-2500000,1977
2017-09-08,3540879,2360586,1180293,2017
1934-11-30,1400000,668900,731100,1934
2009-12-24,3,833,-830,2009
1998-10-16,13674,7300,6374,1998
2012-03-30,2755584,1,2755583,2012
1993-11-24,1528163,18000000,-16471837,1993
1981-08-21,939423,24000000,-23060577,1981
1937-07-23,3252000,1100000,2152000,1937
2005-06-18,225000,225000,0,2005
1929-10-12,3000000,979828,2020172,1929
1927-10-31,1027757,483103,544654,1927
2000-12-02,2,640000,-639998,2000
2011-04-14,676045,2000000,-1323955,2011
2012-11-02,1600000,460000,1140000,2012
2023-01-19,3608,1,3607,2023
2009-08-13,4133544,3000000,1133544,2009
1957-11-27,3700000,1425000,2275000,1957
1941-06-13,1628000,806000,822000,1941
2003-09-06,321000,2500000,-2179000,2003
1986-04-10,4842778,10000000,-5157222,1986
2013-05-01,1431461,6000000,-4568539,2013
2023-09-21,47400000,30000000,17400000,2023
2013-06-29,8500000,4000000,4500000,2013
1990-12-23,6137054,1497520,4639534,1990
2006-06-23,5361,650000,-644639,2006
2011-12-26,5000,9000,-4000,2011
1975-10-08,1600000,2000000,-400000,1975
1999-07-16,2143,4000000,-3997857,1999
2007-05-04,82701,900000,-817299,2007
2012-12-28,15,1,14,2012
2013-12-05,4803665,2000000,2803665,2013
2011-08-31,721651,22361,699290,2011
2015-05-07,3346518,2400000,946518,2015
2004-02-20,1163450,400000,763450,2004
2016-12-25,4160000,300000,3860000,2016
2002-07-11,6500000,2600000,3900000,2002
2007-08-24,9216,14000000,-13990784,2007
2016-11-10,119836,500000,-380164,2016
2015-09-04,8300000,1400000,6900000,2015
2019-09-06,4400000,1300000,3100000,2019
1934-12-23,2199000,420069,1778931,1934
1965-05-13,2221487,2221487,0,1965
2017-11-07,173187,1000000,-826813,2017
2001-06-21,4500000,2500000,2000000,2001
2011-07-22,628832,6000000,-5371168,2011
2011-10-06,403557,400,403157,2011
2007-06-03,4684165,2500000,2184165,2007
2008-11-20,5129300,2500000,2629300,2008
2008-08-21,927277,336029,591248,2008
2010-12-29,16700000,13400000,3300000,2010
2007-09-14,435000,1400000,-965000,2007
2010-11-05,2700000,510000,2190000,2010
2000-06-16,1404,1200000,-1198596,2000
1998-07-24,180000,70000,110000,1998
1936-07-10,670000,289000,381000,1936
2007-03-20,100000,10000,90000,2007
2012-11-07,6180000,3000000,3180000,2012
1958-12-22,610000,313000,297000,1958
2015-04-04,53889,1500,52389,2015
2006-12-15,7800000,330000,7470000,2006
2010-05-20,4214668,800000,3414668,2010
1954-12-09,3978000,2504000,1474000,1954
2016-09-08,4800000,1600000,3200000,2016
2019-09-05,4000000,5000000,-1000000,2019
2008-03-10,2159162,5269000,-3109838,2008
2012-09-21,1550000,500000,1050000,2012
2014-10-17,100,200,-100,2014
1937-03-12,502000,178000,324000,1937
2015-09-17,302000,2500000,-2198000,2015
2010-07-16,1000000,340000,660000,2010
2012-05-04,1530000,1300000,230000,2012
1965-05-12,2436635,2436635,0,1965
2012-11-11,2500000,500000,2000000,2012
1975-12-25,24441725,13000000,11441725,1975
2011-05-03,8000000,5000000,3000000,2011
2012-07-15,2000000,1950000,50000,2012
1952-02-22,1982000,2563000,-581000,1952
2015-08-07,830000,3600000,-2770000,2015
1929-09-08,857000,283000,574000,1929
2012-11-12,2,120,-118,2012
2013-10-10,540000,250000,290000,2013
2016-10-05,110000,300,109700,2016
1996-11-29,724379,1917,722462,1996
2015-01-10,100,500,-400,2015
1969-07-25,27000000,100000,26900000,1969
2002-08-22,286000,200000,86000,2002
1988-05-13,259019,13000000,-12740981,1988
1949-05-27,2889000,2192000,697000,1949
2014-07-10,5176467,200000,4976467,2014
1957-05-14,1520000,1560000,-40000,1957
2004-10-01,2600000,2400000,200000,2004
2011-02-03,1957000,3000000,-1043000,2011
1971-01-01,5000000,65000,4935000,1971
2018-03-30,850000,350000,500000,2018
1994-05-01,4635143,2700000,1935143,1994
2014-01-17,4201541,3377382,824159,2014
2010-07-23,10000000,3300000,6700000,2010
2014-10-06,1400000,640000,760000,2014
1998-05-28,570000,1070000,-500000,1998
1959-08-21,3745000,1140000,2605000,1959
2003-08-17,352571,352571,0,2003
2015-03-26,417929,1500000,-1082071,2015
2013-08-14,43559,981065,-937506,2013
2011-07-11,3699225,19000000,-15300775,2011
1950-07-12,4526000,1470000,3056000,1950
2016-02-04,4292000,1180000,3112000,2016
2012-01-16,1000000,30000,970000,2012
1942-12-01,2647000,369000,2278000,1942
2016-08-12,6900000,4200000,2700000,2016
2014-02-21,6500000,1500000,5000000,2014
2015-12-10,5600000,2800000,2800000,2015
2015-09-25,77000000,20000000,57000000,2015
2021-10-15,7100000,1065465,6034535,2021
2010-10-06,10000,10000,0,2010
2002-05-31,481199,2500000,-2018801,2002
2016-02-19,2092000,130000,1962000,2016
1946-12-25,2359000,1001000,1358000,1946
2014-04-11,3700000,1400000,2300000,2014
1932-01-02,1972000,350000,1622000,1932
2013-10-11,11000000,1500000,9500000,2013
2006-12-14,966214,800000,166214,2006
2004-02-09,24250,10000000,-9975750,2004
2014-11-21,1,630000,-629999,2014
2011-07-29,100000,10000,90000,2011
2018-02-20,10000,10000,0,2018
2012-10-04,1424291,2723311,-1299020,2012
2013-04-04,3166666,833333,2333333,2013
1982-09-24,2279543,19000000,-16720457,1982
2010-09-10,10474,135000,-124526,2010
1979-01-01,1,1,0,1979
2017-02-10,1300000,870000,430000,2017
1934-09-21,1300000,800000,500000,1934
2009-09-20,100000,10000,90000,2009
2015-02-26,2651302,2500000,151302,2015
2017-01-26,1500000,2650000,-1150000,2017
2013-11-13,157937,12000000,-11842063,2013
2017-04-14,7800000,1092000,6708000,2017
2015-07-16,964206,2800000,-1835794,2015
2013-07-19,2830000,670000,2160000,2013
2019-12-13,10000000,3500000,6500000,2019
1982-10-08,946461,17000000,-16053539,1982
2004-06-04,928391,200000,728391,2004
2017-07-21,50000,15000,35000,2017
2007-07-19,568864,2600000,-2031136,2007
2017-04-28,7436000,528,7435472,2017
2022-12-23,14000000,5000000,9000000,2022
2019-02-14,757123,1645266,-888143,2019
2008-09-04,1000000,10000000,-9000000,2008
2010-05-20,20600,4168500,-4147900,2010
2013-03-22,310000,160000,150000,2013
1962-04-22,212200,45000,167200,1962
2010-06-25,1100000,330000,770000,2010
2012-09-05,34659,11178,23481,2012
2002-12-06,355974,5200000,-4844026,2002
2001-09-29,342855,344,342511,2001
2017-03-23,640000,690000,-50000,2017
2013-01-31,5600000,2120000,3480000,2013
1997-09-26,102739,4000000,-3897261,1997
1957-06-20,950000,575000,375000,1957
2006-06-02,300000,50000,250000,2006
2017-08-31,1000000,490000,510000,2017
2021-12-21,371,1000,-629,2021
1940-07-05,2623000,436000,2187000,1940
2018-03-16,10000,1000,9000,2018
2022-04-14,4697273,1186380,3510893,2022
1994-09-02,123509,10500000,-10376491,1994
2013-12-20,2900000,1849089,1050911,2013
2013-05-24,355000,2000000,-1645000,2013
1986-05-22,15,10,5,1986
2015-07-18,1570000,390000,1180000,2015
2017-05-19,1800000,620000,1180000,2017
2018-06-18,110000,300,109700,2018
2017-11-16,902684,665000,237684,2017
1993-10-15,200000,100000,100000,1993
1965-09-15,15788,15788,0,1965
2005-09-21,1144090,7638914,-6494824,2005
2019-11-16,100,100,0,2019
1943-06-18,3305000,1620000,1685000,1943
1999-05-07,9037000,1700000,7337000,1999
2014-04-09,1200000,900000,300000,2014
1955-02-24,25,468,-443,1955
2014-03-19,429098,4000000,-3570902,2014
2023-08-25,281126,3000000,-2718874,2023
2021-03-12,17130489,128,17130361,2021
2006-07-07,1000000,500000,500000,2006
1987-09-18,117270765,35000000,82270765,1987
2012-01-14,9000000,8000000,1000000,2012
2012-11-01,1386692,200000,1186692,2012
1964-12-25,2000000,2100000,-100000,1964
2006-03-17,464991,1000000,-535009,2006
2010-03-17,2500000,3000000,-500000,2010
1983-10-31,500000,3000,497000,1983
2018-11-01,1066431,2495650,-1429219,2018
2015-09-17,1847967,554390,1293577,2015
2012-08-02,2333,320000,-317667,2012
2017-03-17,500732,3851785,-3351053,2017
2015-11-22,189000,2000000,-1811000,2015
1938-01-01,1003000,795000,208000,1938
2004-02-05,3226688,235540,2991148,2004
2003-02-21,2871092,188432,2682660,2003
1969-03-19,2100000,500000,1600000,1969
2001-12-12,3140000,418500,2721500,2001
2009-12-03,2238101,2000000,238101,2009
2015-10-16,2498851,4900000,-2401149,2015
2014-01-29,2822761,416000,2406761,2014
2017-04-01,1500000,850000,650000,2017
2001-07-27,43719,400000,-356281,2001
1996-07-31,3001,3001,0,1996
2018-10-08,10000,10000,0,2018
2005-03-02,680000,341436,338564,2005
2007-09-06,1413000,5000000,-3587000,2007
2016-11-11,1500000,520000,980000,2016
2016-09-08,3000000,1500000,1500000,2016
2013-12-20,3600000,450000,3150000,2013
2005-06-28,1000000,500000,500000,2005
2012-10-16,2035311,1791280,244031,2012
2008-02-14,682968,2100000,-1417032,2008
1980-08-15,4400000,5500000,-1100000,1980
2012-01-26,196908,1000000,-803092,2012
2009-05-01,300000,96000,204000,2009
2013-12-05,2,1,1,2013
1975-01-01,100000,55000,45000,1975
1998-01-01,50000,20000,30000,1998
2012-05-04,41197,1685336,-1644139,2012
2019-09-12,881,1400000,-1399119,2019
2023-01-20,2040000,250000,1790000,2023
2018-01-17,200000,10000,190000,2018
2007-03-02,867000,618000,249000,2007
2017-02-02,45150,15454,29696,2017
2001-02-11,50000,20000,30000,2001
2017-03-16,93039,25000,68039,2017
1989-01-02,200000,60000,140000,1989
1950-05-26,1626000,1026000,600000,1950
1926-10-23,1273000,449000,824000,1926
2017-02-02,6,69,-63,2017
2016-11-24,650000,1500000,-850000,2016
1971-10-05,110750,32900,77850,1971
2006-06-22,300,300,0,2006
2023-02-09,1704030,1087475,616555,2023
2004-10-08,173306,500000,-326694,2004
2012-04-19,849776,3000000,-2150224,2012
2021-02-12,2000000,2000000,0,2021
2004-11-11,240000,2000000,-1760000,2004
2011-09-30,580000,2850000,-2270000,2011
2010-01-15,520000,380000,140000,2010
2015-02-19,5520000,2020000,3500000,2015
2015-04-30,1683000,2000000,-317000,2015
2014-04-15,100000,800000,-700000,2014
2006-12-07,1,492,-491,2006
1994-01-13,5000000,5000000,0,1994
1987-07-03,150000,850000,-700000,1987
1975-09-07,124000,35000,89000,1975
1938-12-28,964404,738733,225671,1938
1999-05-05,60000000,6000000,54000000,1999
2016-11-18,20,500,-480,2016
2014-12-31,1958955,466418,1492537,2014
1971-01-01,101250,101250,0,1971
2010-10-10,10000000,3000000,7000000,2010
2015-11-27,806313,80631,725682,2015
2011-07-08,25206,1100,24106,2011
1943-10-08,2704000,1162000,1542000,1943
2016-05-27,300000,300000,0,2016
2012-11-23,2,1,1,2012
2007-03-14,560000,1100000,-540000,2007
2007-12-07,100000,10000,90000,2007
2011-10-28,14000000,2000000,12000000,2011
2012-03-13,1800000,610000,1190000,2012
2011-10-07,9,2,7,2011
2011-01-01,5000,5000,0,2011
2008-03-06,7465423,2500000,4965423,2008
1947-06-10,1513000,2839000,-1326000,1947
2018-04-18,10000,10000,0,2018
2005-01-21,60,50,10,2005
2018-10-19,10000,10000,0,2018
2018-08-21,78655,486235,-407580,2018
1942-06-21,375000,240000,135000,1942
2011-05-12,1983587,446245,1537342,2011
2013-05-02,382454,858572,-476118,2013
2013-02-22,3100000,2700000,400000,2013
2012-09-13,600,500,100,2012
1947-08-29,1648000,1318000,330000,1947
2010-10-05,1500000,300000,1200000,2010
2005-05-20,30000,10000,20000,2005
2013-03-07,3678530,2500000,1178530,2013
2020-02-27,40,200,-160,2020
2018-02-16,635082,255000,380082,2018
2013-02-08,10604,2000,8604,2013
1965-12-17,105000,55000,50000,1965
1973-09-06,1078000,100000,978000,1973
2018-03-19,10000,10000,0,2018
2018-03-20,10000,10000,0,2018
2010-03-05,2000000,500000,1500000,2010
2008-07-31,4740000,1060000,3680000,2008
2001-10-11,123021750,12500000,110521750,2001
2020-07-20,1500000,409000,1091000,2020
2021-08-31,31200000,3000000,28200000,2021
2010-01-01,118550,300000,-181450,2010
2024-07-14,731471,1,731470,2024
2017-01-02,550,3,547,2017
2024-07-10,30,200,-170,2024
2022-10-01,372,1,371,2022
2023-12-27,5,2,3,2023
2018-12-10,1,5,-4,2018
2020-10-10,125543200,50000000,75543200,2020
2022-12-25,69,300,-231,2022
2023-10-08,4,30,-26,2023
2023-10-13,1,5,-4,2023
2023-03-23,805,100,705,2023
2020-05-01,100,2000,-1900,2020
2024-05-16,100,500,-400,2024
2020-02-20,44290,500,43790,2020
2020-06-06,2,1,1,2020
2020-01-03,947455,216000,731455,2020
2014-11-07,10000,10,9990,2014
2024-01-21,100,10,90,2024
2023-03-21,3,3,0,2023
2011-02-11,50000,20000,30000,2011
2021-09-11,5,100,-95,2021
2017-01-26,1360851,859484,501367,2017
2017-01-13,2100000,700000,1400000,2017
2022-01-30,15000,5000,10000,2022
2017-12-15,40,1000,-960,2017
2017-09-09,10000,10000,0,2017
2023-02-16,345,80,265,2023
2022-11-20,20000,5000,15000,2022
2018-07-13,20,40,-20,2018
2018-08-25,10000,8000,2000,2018
2023-08-31,6400000,6300000,100000,2023
1965-10-21,105000,55000,50000,1965
2022-08-06,1000,800,200,2022
2018-05-10,300000,300000,0,2018
1975-08-04,11225,2000,9225,1975
1990-02-03,1500000,15000,1485000,1990
2016-12-02,500000,600000,-100000,2016
2023-03-26,15000,15000,0,2023
2018-12-24,1311229,1311229,0,2018
2016-05-20,109,60,49,2016
2020-01-17,11327287,3997866,7329421,2020
2021-04-02,10,20,-10,2021
2017-10-10,9,10,-1,2017
2019-06-30,120,2500,-2380,2019
2013-12-05,515150,846820,-331670,2013
2018-02-16,10000,3000,7000,2018
1941-02-25,31,23,8,1941
2023-03-17,1,10,-9,2023
2019-03-10,10,20,-10,2019
2022-06-03,4206974,199,4206775,2022
2013-12-21,13700,5000,8700,2013
2001-02-22,124165,735000,-610835,2001
1996-07-12,1160000,507000,653000,1996
2013-06-10,1200,800,400,2013
1942-03-19,675000,165000,510000,1942
2002-02-19,93059,1200000,-1106941,2002
2010-09-12,400,150,250,2010
2014-10-17,17888,300000,-282112,2014
1932-11-18,1514000,628000,886000,1932
2014-05-12,1,1,0,2014
2009-04-30,2648133,438000,2210133,2009
2009-03-13,403547,1885956,-1482409,2009
2013-01-25,10000,5000,5000,2013
2023-02-20,100000000,1000000,99000000,2023
2023-12-01,1000000,5,999995,2023
2018-02-22,100000000,15000,99985000,2018
2020-11-20,10,300,-290,2020
2018-11-19,250,200,50,2018
2017-12-28,24000,12000,12000,2017
2017-06-16,10000,10000,0,2017
2018-04-25,100,100000,-99900,2018
2022-09-09,60000,10000,50000,2022
2022-09-20,800,40000,-39200,2022
2023-10-14,500,8031,-7531,2023
2022-10-05,11,10,1,2022
2023-10-14,50,10,40,2023
2019-05-17,920000,84600,835400,2019
2018-06-17,2617,2617,0,2018
2022-09-30,2000,1000,1000,2022
2022-06-24,20000,20000,0,2022
2007-07-22,100,10,90,2007
2023-09-10,100,2000,-1900,2023
2020-09-06,5,10,-5,2020
2022-09-08,100,100,0,2022
1953-05-09,10000000,1000000,9000000,1953
2010-10-28,4456,3300,1156,2010
2023-11-09,10000,10000,0,2023
2017-11-14,800000,3,799997,2017
2018-05-26,903400045,1000000,902400045,2018
2020-08-01,69420,1,69419,2020
2021-08-02,100,100,0,2021
1997-01-05,1,1,0,1997
2014-04-04,201578,28220,173358,2014
2021-03-05,1,400,-399,2021
2017-07-07,20000,150000,-130000,2017
2017-07-13,1200000,280000,920000,2017
2024-01-26,1,2,-1,2024
2023-07-02,10,30,-20,2023
2005-02-25,4984,350000,-345016,2005
2024-01-27,10,1,9,2024
1992-04-17,6,6,0,1992
2014-10-09,200,15,185,2014
2017-01-26,15,9,6,2017
2023-12-01,1000,25,975,2023
2022-12-07,60000,50000,10000,2022
2021-08-25,1000,1500,-500,2021
1941-02-28,59967,59967,0,1941
2008-04-16,275000,25000,250000,2008
2023-03-26,60000,60000,0,2023
2023-08-23,60000,50000,10000,2023
2022-11-02,60000,50000,10000,2022
2010-01-01,4549,1500,3049,2010
2021-09-24,3000000,10000,2990000,2021
2015-02-19,3000,4000,-1000,2015
2018-02-21,200,200,0,2018
2020-12-13,1000,500,500,2020
2015-01-10,300,10000,-9700,2015
2023-04-20,6000,5000,1000,2023
2023-06-28,176,315,-139,2023
2023-04-14,50,20,30,2023
2010-06-28,1000,5000,-4000,2010
2000-04-12,2000000,10000,1990000,2000
2022-03-18,25707800,7241634,18466166,2022
2008-06-27,521311860,180000000,341311860,2008
2022-04-29,100,10,90,2022
2022-06-23,20000000,20000000,0,2022
2009-12-05,1,1,0,2009
2012-05-03,20,20,0,2012
2023-07-18,500,100,400,2023
2010-07-02,2000000,400000,1600000,2010
2022-09-01,3,2,1,2022
1933-12-14,522000,239000,283000,1933
2018-12-15,600,5,595,2018
2023-06-03,4,10,-6,2023
2023-01-21,500,124,376,2023
2012-10-30,71000,350000,-279000,2012
2023-05-17,9000,1,8999,2023
2016-10-26,900000,450000,450000,2016
2023-01-09,20,3,17,2023
2023-06-27,20,10,10,2023
2018-05-12,30,15,15,2018
2005-02-02,41,500,-459,2005
2021-05-23,50,50,0,2021
2021-12-31,50,50,0,2021
2018-02-20,543000,10,542990,2018
2012-06-15,10000,2000,8000,2012
2017-05-19,500,1,499,2017
2022-08-29,1000,3000,-2000,2022
2013-04-19,46,46,0,2013
2021-02-24,6,6,0,2021
2023-01-08,150,100,50,2023
2016-05-31,20,20,0,2016
2022-04-14,10,10,0,2022
2007-11-23,560000,130000,430000,2007
2022-05-12,2,1,1,2022
2018-08-03,300000,2000000,-1700000,2018
2022-08-13,6,5,1,2022
2022-07-15,4,2,2,2022
2019-10-18,10,9,1,2019
2012-01-18,310294,1091429,-781135,2012
2019-03-29,12,100,-88,2019
2015-10-07,1045,610000,-608955,2015
2023-04-28,1000,1000,0,2023
2006-04-27,13716,2000000,-1986284,2006
2016-06-04,20000,2000,18000,2016
2023-03-29,6,4,2,2023
2022-06-15,1000,1000,0,2022
2020-02-06,350000,100000,250000,2020
2022-06-17,300,5,295,2022
2023-02-05,100000,20000,80000,2023
2000-07-01,5230,200,5030,2000
2023-04-30,200,15000,-14800,2023
2021-05-11,200,100,100,2021
2022-09-10,3,2,1,2022
2015-12-02,100,10,90,2015
2022-10-28,60,50,10,2022
2018-08-24,2800000,67000,2733000,2018
2023-07-13,700,300,400,2023
2023-06-01,10000,1000,9000,2023
2022-01-14,1,1,0,2022
2022-11-05,574,6400,-5826,2022
2022-10-24,1,1,0,2022
2022-07-30,1,1,0,2022
2013-06-21,12000000,6100000,5900000,2013
2013-06-07,1200,1000,200,2013
2013-08-29,9,10,-1,2013
2022-11-04,1800,1800,0,2022
2017-04-28,8,1167,-1159,2017
2018-09-27,100000,10000,90000,2018
2015-05-30,1,10000,-9999,2015
2005-10-18,10,200,-190,2005
2010-12-07,1000,1000,0,2010
2005-06-01,2,1,1,2005
2013-11-03,10,5,5,2013
2016-06-01,75,5,70,2016
2019-03-14,94935,26500,68435,2019
2023-06-27,500,300,200,2023
2013-06-20,1000,1000,0,2013
2018-08-01,5000,5000,0,2018
2011-01-10,2000,70,1930,2011
2018-12-17,3000,3000,0,2018
2016-06-18,2500000,200000,2300000,2016
2023-06-11,20,1000,-980,2023
2023-02-25,150,600,-450,2023
2022-12-22,1500000,10,1499990,2022
2008-03-28,500,1,499,2008
2023-02-08,3000,1000,2000,2023
2021-06-27,350,500,-150,2021
2019-10-01,5219,6248,-1029,2019
2018-12-25,35348,42456,-7108,2018
2019-01-23,25000,22000,3000,2019
2019-10-19,5000,2000,3000,2019
2004-06-07,72500,600000,-527500,2004
2023-06-11,100,1,99,2023
2020-06-08,1,1,0,2020
2018-08-15,23000,56000,-33000,2018
1939-07-28,474286,412640,61646,1939
2021-11-30,5,1,4,2021
1953-01-01,100000,75000,25000,1953
2021-08-05,443,155,288,2021
2023-12-01,1000,25,975,2023
1992-04-23,1,1,0,1992
1986-04-23,1,1,0,1986
2020-10-31,5,5,0,2020
2024-04-12,50,120,-70,2024
2019-07-13,2000,1000,1000,2019
2024-06-17,18,9,9,2024
2009-08-13,2499412,782640,1716772,2009
2022-01-22,342322,12000000,-11657678,2022
2022-03-22,1,20,-19,2022
2023-01-20,69,31,38,2023
2016-08-25,1,42,-41,2016
2016-10-26,4300,1200,3100,2016
2019-04-19,5,20,-15,2019
2016-09-14,10,10,0,2016
2020-05-06,500,10,490,2020
1935-03-01,150,208,-58,1935
2024-04-01,3000000000,250000000,2750000000,2024
2017-01-04,1000,448,552,2017
2006-01-02,15,5,10,2006
1965-12-14,105000,55000,50000,1965
2000-05-10,1000,10000,-9000,2000
2016-02-06,1,1560,-1559,2016
2023-12-12,10000,10000,0,2023
2024-05-31,10,1,9,2024
2015-12-03,398179,711035,-312856,2015
1987-07-08,1000,1000,0,1987
2010-03-22,100000,10000,90000,2010
2023-06-27,4,7,-3,2023
2024-03-01,523,108,415,2024
2023-12-10,21,40000,-39979,2023
2024-06-07,10000,10000,0,2024
2008-11-27,82827,2000000,-1917173,2008
2024-04-09,8000,2000,6000,2024
2018-07-06,10000,100,9900,2018
1998-05-07,4100000,600000,3500000,1998
2024-05-24,200,50,150,2024
2022-02-01,1785000,1428000,357000,2022
2005-07-28,1660000,660000,1000000,2005
2017-08-18,5990835,2396334,3594501,2017
2006-01-01,190,180,10,2006
2024-03-19,1,1000,-999,2024
2016-12-03,5000,5000,0,2016
1993-07-13,15107,15107,0,1993
2004-04-23,6,10,-4,2004
2023-10-15,200,7000,-6800,2023
2024-06-11,450,130,320,2024
2022-02-04,1,5,-4,2022
2024-03-19,400,20,380,2024
2022-04-24,1,12,-11,2022
2021-06-03,20,5,15,2021
2021-09-22,100,100,0,2021
2019-10-10,1,1,0,2019
2018-11-01,1,1,0,2018
2021-02-03,1,1,0,2021
2014-01-30,1668380,3200000,-1531620,2014
2021-04-04,500,100,400,2021
2024-07-16,520000000,129000000,391000000,2024
2024-07-04,320000000,110000000,210000000,2024
2009-04-03,1300,1000,300,2009
2011-05-12,3000,6000000,-5997000,2011
2022-04-12,7,3,4,2022
2021-10-28,2,20,-18,2021
2013-05-10,500,800,-300,2013
2024-03-11,1,1000,-999,2024
2024-03-17,270000000,150,269999850,2024
2006-08-11,11455,1000000,-988545,2006
1984-01-01,100,100,0,1984
2020-08-04,200,100,100,2020
2009-01-12,1,10,-9,2009
2009-07-30,295117,100000,195117,2009
1996-02-25,61661,61661,0,1996
2022-07-13,220,200,20,2022
2022-05-27,37780,2738900,-2701120,2022
2022-04-06,1,5,-4,2022
2022-11-04,256,900,-644,2022
2009-09-23,14,5,9,2009
2022-12-30,45,45,0,2022
2021-02-14,100000,250000,-150000,2021
2019-10-13,7081810,3,7081807,2019
1986-01-01,100,100,0,1986
2022-10-27,1,2000,-1999,2022
2022-12-02,1,5,-4,2022
2020-08-09,100,50,50,2020
2022-12-18,30,500,-470,2022
1994-01-01,100,100,0,1994
1992-01-01,100,100,0,1992
2013-06-18,30,1000,-970,2013
2022-11-03,15,1,14,2022
2022-12-13,10,2,8,2022
2018-09-24,8,2,6,2018
2007-10-12,3000000,1000000,2000000,2007
2023-05-30,1,1,0,2023
1952-01-01,100000,75000,25000,1952
2021-11-01,10,20,-10,2021
1951-01-01,100000,100000,0,1951
2017-09-28,10,10,0,2017
2023-01-22,70,30,40,2023
2022-06-26,880,89,791,2022
2021-12-10,250,150,100,2021
2023-02-15,50000,30000,20000,2023
2023-01-16,1,1,0,2023
2018-01-23,12000,1000,11000,2018
2021-03-04,1,5,-4,2021
1965-01-01,105000,55000,50000,1965
1965-01-01,105000,55000,50000,1965
1956-01-01,105000,55000,50000,1956
2023-03-23,101,100,1,2023
2019-01-01,60000,60000,0,2019
2019-12-11,50,200,-150,2019
2020-05-08,100,25,75,2020
2019-08-10,500,500,0,2019
2017-02-14,50000,500000,-450000,2017
2022-08-26,1400,1000,400,2022
2023-02-24,100,399,-299,2023
1961-03-19,100000,75000,25000,1961
2018-11-29,100,3000,-2900,2018
2023-01-16,45,200000,-199955,2023
2017-04-04,60,50,10,2017
2019-07-15,10,80,-70,2019
2022-07-24,72,72,0,2022
2022-06-26,3000,1000,2000,2022
2022-08-30,10,200,-190,2022
2022-06-24,10000,4,9996,2022
2021-04-02,1,1,0,2021
2020-02-15,1,1,0,2020
2022-09-04,50,20,30,2022
2020-03-20,100,1,99,2020
2022-06-18,1,6,-5,2022
2016-11-16,20,20,0,2016
2017-11-23,150,100,50,2017
2021-10-25,1,1,0,2021
1984-09-24,120000,80000,40000,1984
2022-08-19,420,69,351,2022
2022-08-04,100000,10000,90000,2022
1929-08-30,3967000,532000,3435000,1929
2022-05-21,1,7,-6,2022
2022-04-28,100,300,-200,2022
2021-03-09,1,20,-19,2021
2003-03-11,59000,3000000,-2941000,2003
2017-02-28,100,800,-700,2017
2022-09-11,6,5,1,2022
2010-02-21,500,15000,-14500,2010
2024-03-08,300,200,100,2024
2022-04-21,21042022,14032007,7010015,2022
2024-03-23,200,10,190,2024
2021-06-25,200,200,0,2021
2021-10-24,13,12,1,2021
2021-10-31,9000,900,8100,2021
2021-11-02,60000,60000,0,2021
2022-02-28,9000,900,8100,2022
2022-02-13,100000,100000,0,2022
2021-07-19,2,1,1,2021
2024-02-20,13,12,1,2024
2020-06-16,45,10,35,2020
2021-05-30,1,1,0,2021
2024-04-06,24600,2734,21866,2024
2018-09-18,147,1500,-1353,2018
2016-06-02,30000,18000,12000,2016
2024-04-09,1000,100,900,2024
2024-04-19,84,75,9,2024
2022-08-11,10,40,-30,2022
2023-12-15,30000,20000,10000,2023
2021-08-06,30000,20000,10000,2021
2024-03-18,100,100,0,2024
2023-01-10,40,40,0,2023
2024-03-08,5,20,-15,2024
2028-12-31,26000,3000,23000,2028
2023-10-21,200,200,0,2023
2023-04-03,4,3,1,2023
2027-09-26,1,1,0,2027
2024-01-25,7,50,-43,2024
2024-01-06,200,4000,-3800,2024
2020-06-14,265,243,22,2020
2021-12-25,423,623,-200,2021
2022-12-25,795,637,158,2022
2021-05-29,700,500,200,2021
2023-08-31,98,219,-121,2023
2022-07-26,80,130,-50,2022
2022-06-05,110,150,-40,2022
2023-05-31,102,190,-88,2023
2023-12-18,1,1,0,2023
2023-12-21,2,6000000,-5999998,2023
2017-04-24,3,3,0,2017
2023-09-30,15000,15000,0,2023
2024-01-24,1,200,-199,2024
2024-02-09,1,2,-1,2024
2024-02-07,1,15,-14,2024
2021-12-27,5,5,0,2021
2024-01-23,11,10,1,2024
2024-01-01,50,50,0,2024
2023-07-24,5,30,-25,2023
2023-12-31,5,5,0,2023
2020-04-25,602,120,482,2020
2009-07-07,1000000,13000000,-12000000,2009
2006-01-27,5000,5000,0,2006
2014-12-26,200,200,0,2014
2017-09-22,1000,1000,0,2017
2024-06-28,200,100,100,2024
2024-06-02,20,20,0,2024
2021-07-10,5,500,-495,2021
1998-10-16,2,2,0,1998
2020-01-01,150000000,28000000,122000000,2020
2024-05-04,250,50,200,2024
2023-03-16,1000,1000,0,2023
2024-04-27,300,1000,-700,2024
2024-04-24,7000,250,6750,2024
2023-02-07,1,1,0,2023
2021-12-08,25,25,0,2021
2000-03-15,5,2,3,2000
2010-10-17,234,1,233,2010
2023-06-17,120,4,116,2023
2009-09-29,25,10,15,2009
2024-04-08,1,10,-9,2024
2024-06-30,3000,3000,0,2024
2024-01-21,10,70,-60,2024
2024-05-20,100000,100000,0,2024
2020-12-17,50,20,30,2020
2024-05-29,5,17,-12,2024
2018-08-07,785,110,675,2018
2022-06-28,500,50,450,2022
2024-05-12,463,463,0,2024
1989-10-27,41526,3500000,-3458474,1989
2023-10-26,1000000000,5,999999995,2023
2023-10-02,1000000000,5,999999995,2023
2023-05-10,100000000,5,99999995,2023
2008-07-15,3000000,200000,2800000,2008
2025-07-16,10,10,0,2025
2021-07-02,1,10,-9,2021
2024-05-16,1000000,10000,990000,2024
2024-05-15,200,60,140,2024
2023-05-05,100,50,50,2023
2017-04-25,2103,1000,1103,2017
2023-06-06,1,1,0,2023
2023-05-26,1000000,4,999996,2023
2023-03-13,101,100,1,2023
2022-06-21,405,20,385,2022
2022-12-19,350,30,320,2022
2023-06-06,69,4,65,2023
2023-06-14,200000,100000,100000,2023
2023-08-06,2500,2000,500,2023
2023-08-12,50,50,0,2023
2021-12-04,3300,52,3248,2021
2023-09-26,20,10,10,2023
2021-12-01,1,5,-4,2021
2023-04-22,1,15,-14,2023
2023-08-23,10,5,5,2023
2018-02-12,120,100,20,2018
2022-06-03,6100,5500,600,2022
2023-07-16,4,4,0,2023
2023-04-04,18,293,-275,2023
2023-04-17,27,19,8,2023
2023-09-11,420,69,351,2023
2021-10-17,1,1,0,2021
2023-03-31,1,1,0,2023
2004-10-08,500000,100000,400000,2004
2023-03-28,200,100,100,2023
2023-03-23,9,6,3,2023
2023-03-30,10000,1000,9000,2023
2022-09-01,1,9,-8,2022
2021-12-16,145,145,0,2021
2023-05-31,6000,400,5600,2023
2023-05-03,1,1,0,2023
2008-12-19,93613,415596,-321983,2008
2021-09-02,100,10,90,2021
2023-05-03,200,100,100,2023
2023-04-28,30,20,10,2023
2023-05-06,300,200000,-199700,2023
2023-05-09,1,10,-9,2023
2023-12-25,50,50,0,2023
2021-11-09,5000,1000,4000,2021
2021-08-27,500,25,475,2021
2023-11-07,1,2,-1,2023
2023-11-03,1,5,-4,2023
2022-03-26,200,40000,-39800,2022
2021-08-28,100,400,-300,2021
2021-10-22,1,20,-19,2021
2023-10-21,233,100,133,2023
2020-01-27,12,100000000,-99999988,2020
2020-10-13,250000000,50000,249950000,2020
2024-01-05,1,19,-18,2024
2023-08-16,3,10,-7,2023
2023-10-01,1000,1000,0,2023
2023-06-20,2,10,-8,2023
2005-08-17,20,10,10,2005
2022-10-22,10000,10000,0,2022
2023-10-26,123,145,-22,2023
2011-07-13,876688482,100000000,776688482,2011
2019-09-19,100,130,-30,2019
2023-11-30,3,1,2,2023
2023-12-06,25,4000,-3975,2023
2020-10-24,150,150,0,2020
2023-09-06,1,13000,-12999,2023
2021-12-25,150,100,50,2021
2023-09-08,100000000,5,99999995,2023
2023-04-11,999999,10,999989,2023
2023-08-15,700,1500,-800,2023
2023-05-04,100,30,70,2023
2023-11-09,130,130,0,2023
2022-10-31,100,100,0,2022
2023-10-05,1,1,0,2023
2023-01-16,1,1,0,2023
2023-09-01,1,1,0,2023
2023-08-19,300,105,195,2023
2011-09-13,9,100,-91,2011
2023-10-12,10,5,5,2023
2020-10-10,200,200,0,2020
2018-12-26,140,120,20,2018
2023-10-12,5,5,0,2023
2023-09-17,10000,10,9990,2023
2023-08-31,10,1,9,2023
2023-09-20,20,20,0,2023
2020-05-17,100000,100,99900,2020
2023-07-05,8000000,250000,7750000,2023
2023-09-24,10,10,0,2023
2008-05-18,2900,150,2750,2008
2013-05-11,100000,100000,0,2013
2010-05-09,20000,10000,10000,2010
2009-03-10,10000,10000,0,2009
2014-07-25,910000,414000,496000,2014
2017-12-07,29700,11000,18700,2017
2015-10-05,100,50,50,2015
1981-02-12,112,50,62,1981
2010-08-04,100000,10000,90000,2010
2018-10-10,190000,100000,90000,2018
1967-09-13,100000,75000,25000,1967
2013-09-05,1444235,2200000,-755765,2013
2017-07-29,200000,10000,190000,2017
1965-01-02,105000,55000,50000,1965
1990-01-26,50000,15000,35000,1990
2014-12-10,10,50,-40,2014
2015-05-20,10,50,-40,2015
2014-06-02,5,20,-15,2014
2017-11-22,100000,100000,0,2017
2018-05-03,2000,1000,1000,2018
1942-06-15,1050000,552000,498000,1942
1984-01-01,5000,10000,-5000,1984
1925-09-14,130000,84000,46000,1925
1961-01-01,105000,55000,50000,1961
2018-09-10,10,4000,-3990,2018
1927-05-14,1125000,225000,900000,1927
1967-02-23,2500,3000,-500,1967
2019-07-09,1,1,0,2019
2019-07-14,1000,1000,0,2019
2006-08-31,1320000,1700000,-380000,2006
2018-11-16,2,3,-1,2018
2017-05-19,25,1,24,2017
2019-07-01,450,450,0,2019
2023-08-04,690000,69000,621000,2023
1984-03-17,2655000,530000,2125000,1984
2017-10-25,100000,10000,90000,2017
2017-04-12,5000,2500,2500,2017
2008-03-23,10000,10000,0,2008
2010-09-01,60,10,50,2010
1945-12-28,2559000,1012000,1547000,1945
2006-01-01,10000,10000,0,2006
2012-06-12,500,150,350,2012
1939-11-13,60,50,10,1939
2015-07-25,20,20,0,2015
2015-12-25,234557,83294,151263,2015
1998-06-28,1960000,1700000,260000,1998
2014-04-01,9960000,500000,9460000,2014
1960-01-01,100000,55000,45000,1960
2003-01-01,15,1,14,2003
2016-01-29,100,100,0,2016
1963-08-01,100,100,0,1963
2017-05-18,40000,2500000,-2460000,2017
2006-01-01,100000,1000000,-900000,2006
1993-12-12,45,50,-5,1993
2014-04-03,250000,480334,-230334,2014
2007-09-04,50000,10000,40000,2007
2016-06-24,1000,50,950,2016
2017-06-23,3000,300000,-297000,2017
2016-02-01,6,8,-2,2016
2006-06-03,9999,999999,-990000,2006
2016-04-20,450,2125,-1675,2016
2016-10-28,1,25,-24,2016
1965-08-05,105000,55000,50000,1965
2021-03-27,1,10,-9,2021
2021-04-05,25,1000000,-999975,2021
2018-07-15,1,1,0,2018
2019-05-30,1,1,0,2019
2005-05-18,67921,2500000,-2432079,2005
1940-10-05,60,50,10,1940
1950-12-26,60,50,10,1950
2019-07-21,3,7,-4,2019
2018-11-24,500,500,0,2018
2009-07-05,50000,50,49950,2009
2021-03-26,10,10,0,2021
1995-07-23,14217,14217,0,1995
2009-06-06,625902,1500000,-874098,2009
2021-08-27,1,1,0,2021
2021-09-10,10,10,0,2021
2000-07-07,97464,97464,0,2000
1994-10-01,1676,1676,0,1994
2000-02-01,21515,21515,0,2000
2001-01-01,5032,5032,0,2001
2004-01-01,78,78,0,2004
2021-10-14,60,5,55,2021
2009-04-26,1401,1400,1,2009
2010-07-01,20,500,-480,2010
2019-12-26,6,15,-9,2019
1967-03-16,10000,200000,-190000,1967
2021-03-09,500,300,200,2021
2021-06-30,1200,600,600,2021
1950-03-13,60,50,10,1950
2019-09-08,100,100,0,2019
2010-03-20,100,100,0,2010
2020-05-08,250,5,245,2020
2019-10-20,10,300,-290,2019
2017-05-20,1,1,0,2017
2014-10-16,1,500,-499,2014
2020-02-17,9907,1753,8154,2020
2017-12-11,1000,700,300,2017
2020-12-18,10000,20140,-10140,2020
2019-09-06,5,46,-41,2019
2014-09-04,1500,1000,500,2014
2012-08-23,5000,1000,4000,2012
2015-09-11,1000,500,500,2015
2016-09-26,2000,1000,1000,2016
2018-05-09,1000,500,500,2018
2019-08-18,1,1,0,2019
2019-08-25,1,1,0,2019
2018-02-16,10,2,8,2018
2020-07-21,1,100,-99,2020
2020-01-30,250,400,-150,2020
2005-12-09,300000,272734,27266,2005
2005-02-04,166000,300000,-134000,2005
2020-09-26,15,10,5,2020
2005-11-02,51000,11870,39130,2005
1952-10-29,500000,100000,400000,1952
2020-05-07,44,44,0,2020
2018-01-01,248835,266937,-18102,2018
2019-05-21,100,50,50,2019
2019-12-11,1080,1000,80,2019
2003-12-20,773838,378378,395460,2003
2019-04-11,150,600,-450,2019
2019-04-08,100,300,-200,2019
2020-01-30,100,150,-50,2020
